Birth,Death
7.648185282544567,7.812968134239131
7.65789242783611,7.839887001825488
7.72013747801311,7.855682669696175
7.686982191096499,7.858325645812306
7.67726491017691,7.860635275999135
7.704910019787838,7.871013022103313
7.697781648843446,7.871600451797291
7.74325719678321,7.873390029603929
7.643836112710536,7.878544689685691
7.7138122802975095,7.9122445231017196
7.738900426199006,7.913743523942831
7.79570936714023,7.917715027956864
7.722421105907227,7.91803845730173
7.794365827144136,7.930645034914715
7.736339188434334,7.930813834087132
7.730747825119106,7.931592502878091
7.779154966719815,7.935444464898383
7.7792899088182885,7.9393260406396475
7.767990490900765,7.940138414685656
7.840630086365787,7.943721505416343
7.768712925199582,7.945696961603461
7.737155584523635,7.950413398581913
7.918522882242266,7.951513975738905
7.839896892667213,7.955418703981453
7.7416103019847915,7.956102091537375
7.729035073185448,7.958415339807865
7.802037263479057,7.970253670740057
7.8807297326689385,7.973261090476042
7.8003779672428895,7.974733508441327
7.755326075241932,7.975538056451238
7.8047158465254665,7.976777116732842
7.78783497160439,7.977958665869481
7.812562402807072,7.980052088810718
7.868068442973217,7.981098198083774
7.7918641178619374,7.985720379006708
7.929055565972622,7.987209745086743
7.912033007881678,7.990389700847554
7.80161933862768,7.9908901156630865
7.863749827586356,7.993018451878841
7.80326052492201,7.993087260219028
7.879597347789582,7.995078995714981
7.879194874868924,7.996610625987797
7.80691339499743,7.997369499564112
7.85020146508645,7.998980154489399
7.989719886307041,8.001595937107751
7.809698886823443,8.002637301545304
7.8753422275266285,8.005453632494715
7.826385145382653,8.006213990223598
7.941263749212556,8.00623771563966
7.873968162106397,8.006753862053387
7.868879282981968,8.008823638897734
7.897276715644257,8.009844433088308
7.847630205457026,8.014955869841565
7.880911371828725,8.016977981161077
7.799017384878864,8.018601262135302
7.934226683274149,8.019725787394982
7.897641431259672,8.020217896909578
7.833523762039667,8.023383786325333
7.921681566742381,8.024343728696333
7.927710804471726,8.0244899194996
7.826476782304772,8.027318652520671
7.9036459025952635,8.03186551202862
7.937356573870359,8.033402417025197
7.902986336158075,8.034342175272402
7.919663329826646,8.03511765801277
7.835739322983358,8.035215226162524
7.889257370643758,8.035304292044376
7.828439122061379,8.03906544943656
7.848646869401019,8.040797220858508
7.863048041887152,8.04237837001678
7.921165137864133,8.043277012323344
7.852480872593519,8.050307647706788
8.042989874548132,8.058617029569524
8.029792024305621,8.05965587501667
7.991144210805859,8.05990720240805
7.857993756996082,8.06087148551132
7.922254722440789,8.061742255153852
7.957771469042681,8.062176924085378
7.873349345013493,8.063031665074035
7.87765383148548,8.064501298806436
7.918076260920623,8.065161942524831
7.898415770950226,8.066719829136229
7.93281338520387,8.06675991830411
7.909620669963613,8.067021837785731
7.860974876925084,8.07011223364307
7.913182813628153,8.070270140724675
7.895358018582518,8.072408345535356
7.970277964064117,8.073506918525746
7.872519285127014,8.07405899701071
7.940925915212486,8.076164735186385
7.889968453891556,8.076814617398231
8.012823183996112,8.077139372045702
8.062573281262164,8.077472092686838
8.001594168849554,8.077809106378675
7.960674720722453,8.07895275376426
7.968481255136535,8.080033725770965
7.960731450908453,8.08041501095667
7.911260584954988,8.083194373555969
8.044954011853722,8.086042828723654
8.01261508721877,8.086515374613201
7.988945532253173,8.087294441975148
7.983928738326291,8.087714861813314
7.958645418636448,8.088613450277574
8.008708976200229,8.090445462562219
7.934642892239521,8.091802876900907
7.895766071815606,8.092839552263914
8.025752841721697,8.094283098956573
7.961928215973717,8.09430519763291
7.904242356881589,8.09442009197021
8.015627154019898,8.09559321632628
7.959812021861814,8.097917858389271
7.9548716634083565,8.098354465581938
7.988892455306077,8.09924982133785
8.033522021367578,8.100210533008411
7.987887127794858,8.102346060287077
7.981842647224441,8.103859595960678
7.9149657538098905,8.104360813077072
7.964001471198523,8.10443389161765
8.10235224480479,8.106285344915081
7.926415414524136,8.106535958442858
7.96150603682023,8.108598710771926
8.030181841954771,8.10997887932052
7.937544634439353,8.110275920494537
8.017074680823196,8.111651137909707
8.00228812365749,8.1124581858676
8.0902168944074,8.113346100822236
7.927664459396238,8.115689938196162
7.968304251893366,8.12041694995212
7.978878149678302,8.124823342876274
8.113560200593607,8.12532728746673
8.092629778901252,8.125662252460813
7.958850367161765,8.126779732816477
7.975309131229729,8.126971498423284
7.938859856135865,8.12768117854377
7.986358558154725,8.12873302865793
8.001914684506362,8.130251576529393
7.963064577401164,8.132165549489686
8.06085634641336,8.13330355936263
8.036790106469995,8.134472568529128
8.009288907992737,8.134844802575753
7.970361007735544,8.135902530694342
7.931527206318643,8.135912223869084
7.946587997293303,8.136098579393718
7.981307071939517,8.137021146691287
8.016761762848006,8.137528801487516
7.972430541686389,8.138044510480988
8.057018367273793,8.138262925250169
8.068738143862841,8.139419538961985
7.937651426055428,8.140489926447621
8.017541890803443,8.142184733805978
8.033576607733597,8.143613552116193
8.08627795814229,8.146196308086726
7.984843554710968,8.146471401241655
8.038736840279082,8.14691209738888
8.038952343940977,8.147851982495848
7.966360658979405,8.148632668175622
8.02158025501997,8.149025732805026
7.980264564874794,8.149095903839978
7.964453936346299,8.151636174006256
8.020606555828678,8.153209294059948
7.947459095603756,8.156001524856926
7.995969923301095,8.160798505640557
8.02990253636596,8.162241146809901
7.9633432725833835,8.162335811663626
8.028829740518534,8.1628146220704
7.99850284626959,8.163177486528463
8.020931533406234,8.16394349391377
8.131800889005264,8.16553850946478
7.972451123548068,8.167186712680365
7.99488106502406,8.170148661523807
8.011236967318796,8.171030068230529
8.031442490657517,8.171899579825634
8.03914152417926,8.172569047097538
8.064445383697358,8.173137090591059
8.017012040074167,8.173520473422428
8.0978789292576,8.175722769979181
8.016908432256503,8.17771423659173
8.059715286876084,8.17799800038045
8.003255559542358,8.178115494067006
8.055237723243234,8.178221814033709
8.138029271828305,8.17831606402124
8.077634304680444,8.179483578338832
8.0696810436975,8.181275592127811
8.076034392341356,8.181862766917979
8.16004494382679,8.182265666271324
8.054120302612223,8.182792835542203
8.006458821725076,8.182853635786845
8.123295854873398,8.183224048335523
8.072815330718472,8.183462436987684
8.130792480018343,8.184596130633139
8.10788609359805,8.187478438344725
8.060300620541383,8.188073616708529
8.089665652593318,8.18885467086784
8.054396921079721,8.189103648799698
8.074933723956846,8.190631467270437
8.11556404950889,8.191399121716579
8.130512784548866,8.191790951551809
8.03369628147522,8.194639587708503
8.036021951700535,8.1948726802534
8.039541441518725,8.19565433610738
8.088375595789731,8.19573170301375
8.115038919305642,8.199776102424604
8.015523370769735,8.199830020313808
8.128804662248204,8.201023773140356
8.023044098049763,8.201216450384543
8.045769921792942,8.20123504788106
8.006469524411138,8.20319503238202
8.04927436379101,8.203862156361637
8.06657307223977,8.20399567453638
8.022208524735436,8.20403981268329
8.02586077343786,8.204560875654032
8.064148742497533,8.20532811988703
8.043353227596304,8.206300614677279
8.115560043334892,8.209548138522
8.028253311257288,8.209669388960865
8.048892067237869,8.20986712054489
8.062033284676675,8.21218899597497
8.037148985900835,8.213548186716206
8.119930193557302,8.217050959040932
8.115237906689224,8.218064392519665
8.164266662440912,8.218433791753842
8.104681384884199,8.21865878359705
8.086447791797815,8.2204029378499
8.093309373968182,8.220666805201242
8.068409016348177,8.220747714104577
8.058954065375286,8.222137209164833
8.087129394746428,8.222362704118366
8.069773266522326,8.223610793568557
8.044645844579689,8.22420523273776
8.151075808790754,8.226629168670872
8.115557919825097,8.227925250679693
8.094179157123122,8.229309411352984
8.067315178911597,8.230281917608776
8.111451108959947,8.23253781848463
8.046015138698333,8.234160954845828
8.13464643048307,8.234566990693212
8.13453596332628,8.23503729841492
8.09062479093495,8.23585227744811
8.076037876036668,8.236235201211331
8.20422233253137,8.236267313576905
8.089476105743167,8.236347163976337
8.112844845690441,8.238508490782806
8.176532907490362,8.241413361255962
8.081388478472956,8.242683676129763
8.150792373430345,8.243708868251638
8.065873408171104,8.244068738036123
8.068989815079089,8.244354967262773
8.212565966951175,8.244816836547574
8.170308395665126,8.245152713101628
8.06495216132743,8.245336879970317
8.219611651584064,8.24667713619812
8.156562607383394,8.246679985775973
8.193754460430771,8.247416800444238
8.13705628289122,8.248954323127927
8.067717291036264,8.249520485830274
8.079807918142823,8.250149137437873
8.14138466614423,8.250226527446529
8.203532225981089,8.250736998545655
8.12126684900171,8.25140875929667
8.10924197066263,8.254528253788418
8.101443226808591,8.255114999131404
8.133571279724901,8.256550619143294
8.147454876902637,8.257143931642222
8.147107852653674,8.257356568839356
8.205605726210406,8.258253661660959
8.153139567663004,8.2587720594838
8.215620743688271,8.259714709886367
8.153803450760975,8.260744179511814
8.105826189442322,8.260784208297782
8.218392597508238,8.264228418780084
8.09190129176869,8.264257872661062
8.124661746242651,8.264565073021336
8.176951459328649,8.265052451230464
8.111538436383853,8.266529111813043
8.110062120604912,8.271725241791273
8.11904300441148,8.272016350604755
8.115980948608005,8.272283674855796
8.142704521160784,8.272975782600478
8.144006177422067,8.273096350692231
8.14032166334496,8.273530560755706
8.149259558826959,8.27444035631208
8.222568435685428,8.274971839718905
8.14285345686173,8.275229105500275
8.084974694163066,8.275310342653437
8.221380870398136,8.27565566099176
8.197617488049861,8.277940863640197
8.173652813484722,8.278058797775
8.159159819221586,8.278255246372527
8.19469437435538,8.280834284359258
8.114043167240599,8.282270453240873
8.1641051045054,8.282793427990507
8.152608499174104,8.284184108297396
8.117787305193826,8.284632967363791
8.2576640924868,8.28495043052181
8.14559339267742,8.285017042620186
8.181965008750721,8.285955875371009
8.132055687832011,8.286401503037592
8.134241114733044,8.286408840492482
8.149039264111018,8.289009148894412
8.186289443692107,8.29009523577865
8.215119319020584,8.29064774672704
8.182703935048545,8.29107281977749
8.163723049269471,8.291130633034218
8.249804249709403,8.294581919967204
8.133360857371802,8.295484222454895
8.175299103081318,8.297857256998576
8.132218317029192,8.301384149843493
8.250767296865797,8.302821028605445
8.22223092102773,8.302827115982293
8.190380911354785,8.304054269961085
8.132235911053133,8.304955845589198
8.150518973227104,8.305069109019708
8.216742649594812,8.305080160487625
8.150059903004905,8.307149349378918
8.155214647827162,8.30929749169551
8.168124127157217,8.309834374127774
8.242582536212183,8.31038054196345
8.177546320768602,8.311183162900178
8.219636206035073,8.311424406236231
8.242565326592166,8.311962955125207
8.147266401318312,8.31265085539432
8.141809403125961,8.31339551317713
8.156496136152128,8.314568332663349
8.173378949524018,8.317552495715319
8.145038679654421,8.320409292987502
8.195700205418067,8.321584193735385
8.158859300080916,8.321923774068125
8.293568532327372,8.323017279629909
8.208068960744255,8.323238893513974
8.194826601582239,8.32421956356547
8.206432921750354,8.324545355197092
8.211139613498036,8.324677870487097
8.174314924590039,8.325055977023979
8.16657404761602,8.32702567590844
8.217766986746918,8.328159413042567
8.270329396308277,8.328174584367405
8.235865916456218,8.328478984367978
8.273451213570116,8.328483715523891
8.325538862410992,8.329910821338949
8.213886191235119,8.33052416969438
8.181738398895083,8.33077435958535
8.19054043742127,8.331002178335417
8.255050445936483,8.331356360279692
8.295976423029359,8.331400970603337
8.168773458094034,8.332018459694433
8.273158865873825,8.332980982900404
8.183574375687307,8.333193674713804
8.248054555784247,8.333422639852214
8.26227297096191,8.333587797336662
8.217898883606889,8.333652701623155
8.227177631128473,8.334746262724826
8.229987419748888,8.335048189321995
8.237634041797037,8.335683152603199
8.314713609395808,8.336352479215854
8.25301905522148,8.337631778361935
8.195594539581423,8.338646593250616
8.256612925259995,8.340107588485303
8.18992117330112,8.34044074956132
8.175723548610671,8.340875232999384
8.193129041976139,8.341329437735205
8.230263275812371,8.342348933538647
8.228721845006508,8.342424723306348
8.223952165932108,8.342655945568334
8.242159694850104,8.342973009186863
8.192595743406365,8.34319569826316
8.205738371238827,8.346752004440301
8.222417058376514,8.346874704346561
8.271956391287056,8.346987825645996
8.224712274167029,8.348420224278062
8.226836251095818,8.34855903801662
8.217688212159134,8.35188184343806
8.294639337963858,8.352991451876015
8.257994566048492,8.353444046977994
8.269984998198257,8.35560067421002
8.224686594821334,8.355877330910548
8.310325680592959,8.356223656376365
8.267314749283862,8.356681024883507
8.235228266904507,8.35765046166966
8.2679827607381,8.358589569395804
8.333120531320851,8.35870486643463
8.222584759811813,8.360857840363956
8.229405308108618,8.360980969227967
8.296462921318447,8.36239801197069
8.22872450660503,8.369517326745868
8.276398251348882,8.369857659123445
8.266630532897357,8.370152023153935
8.35301974602192,8.371284210908541
8.324155322763456,8.371778007000112
8.304448459616847,8.372492091379932
8.310105015263968,8.373156076604502
8.240233519215952,8.37441847310098
8.292859118442886,8.376078240450354
8.246586817731298,8.378272246328311
8.34352432145755,8.379627548801235
8.332950560487536,8.381041224825553
8.284389981759118,8.381546059119236
8.258759673768377,8.381645728756524
8.273784030632214,8.382048735769823
8.327623869053276,8.382273643365684
7.954939781064596,8.382555650632941
8.378462559409886,8.382805631587726
8.384289696978424,8.384701780005333
8.336604340800426,8.385220370938299
8.354896801581662,8.386770136422626
8.278795279637478,8.387871490773126
8.259628830304258,8.388021845599873
8.318603656762097,8.389650711316467
8.281133938345832,8.391301503701637
8.320124211207315,8.392748707213999
8.26625988214084,8.39302069328953
8.339008029083748,8.395715229117439
8.357488464646831,8.395771723441085
8.294812337710319,8.396107948304357
8.305387692407974,8.396287754317484
8.347869232009195,8.39894576622886
8.34423225553423,8.399033757846276
8.350036202642965,8.401717793651327
8.298243703962932,8.402303542150072
8.286720773947303,8.405463606680597
8.239079493907813,8.407037867518058
8.383100485240053,8.408734284320069
8.304002394206973,8.409339222221792
8.31418843694092,8.409459478084258
8.289590311489132,8.409727231445817
8.302151085569006,8.410645142130829
8.29308470260203,8.411004525812828
8.38201712747182,8.411155695611887
8.359344816686868,8.412877101396454
8.26325641832234,8.414178657272291
8.395386053760852,8.414449944813185
8.340679331495902,8.415411643420274
8.359876133001709,8.415642890095171
8.391716260614643,8.41700565468093
8.271778705797324,8.421820761510432
8.267811796066304,8.423169014137777
8.362048615883523,8.424241229497479
8.352954403289601,8.424287939803737
8.364969741801907,8.425623079595303
8.331137968766111,8.426938246601848
8.304527842325253,8.427103500320014
8.39425605929016,8.427578770446544
8.279686018223227,8.42796610545327
8.272798072353233,8.429136576319554
8.325966344601305,8.429458132004559
8.400388633548104,8.429605073955141
8.423896050318078,8.430876982789428
8.291429324881099,8.434043382472051
8.362338600018806,8.434384303890386
8.321054578219258,8.436372912631903
8.315389159543788,8.43665493854646
8.36037517649222,8.436987343064754
8.319652547456089,8.43815962118261
8.2616017461696,8.43848758236097
8.334016443494356,8.441315636563015
8.314426847568907,8.441425077599188
8.436631989637,8.443959387422648
8.36867323101334,8.44486036394041
8.31621624613996,8.446232925812332
8.311587222000949,8.446438501882673
8.32519360442635,8.448344994985002
8.303942508279663,8.451310449372734
8.359541279733902,8.453715028403893
8.410591236182992,8.45384131697962
8.312959288309354,8.455843607355998
8.33740204959031,8.456573952272286
8.315665393349533,8.459402050047753
8.292263288612482,8.460213485581338
8.405073702192006,8.460237005818252
8.460654888990588,8.461746412280718
8.322630123521801,8.462930011581472
8.382917538630267,8.465860635386335
8.335163799118279,8.467454779884825
8.368762711065742,8.470833691404145
8.402245744521936,8.47184756317894
8.423293219785048,8.473567108009298
8.421263224127385,8.474455713680939
8.439791943796877,8.474789234379815
8.315111925320771,8.476149759123771
8.335406233514151,8.476985679599135
8.431857005415672,8.478365965043887
8.425369082743922,8.480588932403684
8.358706879398246,8.482234447857891
8.383211257656576,8.482283377408308
8.437201324567695,8.48365897946491
8.322763135883347,8.483993063054022
8.458578943696146,8.485102559732727
8.385460538271513,8.485644972337639
8.418084449854064,8.48617857414662
8.367276752335886,8.486620712212178
8.487380074522612,8.48741276078988
8.314683295405276,8.487923050746758
8.37749998239078,8.4885254997367
8.473824268316893,8.48892835124525
8.381204621477801,8.489534075445643
8.359415805514205,8.489843283810302
8.46619646804426,8.49119826132144
8.34607430917973,8.491366586282531
8.375288649391655,8.492893619176531
8.401027698118146,8.49358222554509
8.452493546694882,8.493723617852643
8.33615370649306,8.494517717339182
8.486884191217012,8.494903933781654
8.354546224153893,8.497390321625812
8.451626901009796,8.49747264601409
8.446673591148791,8.497684997442246
8.495637857049928,8.49780789240247
8.343507195008446,8.501536169550235
8.355772290736194,8.506097642713035
8.41695144411965,8.507300597321139
8.424382421237716,8.508957026266769
8.398388396740252,8.509848690868761
8.401699241044035,8.513454188593013
8.366766755521098,8.514126478459433
8.364256357571668,8.51639097528738
8.407912610177458,8.516442587327848
8.389355084687047,8.519689798682062
8.470020781099457,8.520598693017071
8.382385918080098,8.523163520009433
8.370910638757598,8.527454123619162
8.478928468178772,8.527917227738959
8.408265591062426,8.529184764453088
8.413805817221848,8.529528029781307
8.409903912575093,8.529915709222257
8.494757392713073,8.530677419430681
8.491197574311256,8.53312360871264
8.443700914974869,8.543835343058973
8.506717982833276,8.544964398781401
8.45631491889775,8.545654308822613
8.466690153053626,8.545702664934918
8.396922935441577,8.546069428124733
8.524882880104691,8.54630969228051
8.420525409073349,8.546401742448062
8.445516119109397,8.549290052593982
8.509544617997996,8.551153047356788
8.390678836787954,8.55129413955532
8.393213345118566,8.552623591872372
8.546298598034458,8.553755785656698
8.424235651027123,8.554175438402275
8.503403338874143,8.554227537776598
8.514937307723844,8.55500510181389
8.432930757203092,8.560933462351532
8.444155422775516,8.561184398659535
8.51053783467739,8.562712800227342
8.521402149454879,8.56375555427718
8.557293720873727,8.564231771892617
8.468772228272059,8.56449707849513
8.539020701587352,8.564721830547212
8.47965749535586,8.565158137038035
8.462717341010956,8.565543426848109
8.517121224640736,8.567280837834847
8.527754144915829,8.572676323178746
8.511318667793663,8.57669123017711
8.492440617764046,8.578666442730167
8.459045314244278,8.5796911380234
8.531179746474155,8.58073900550347
8.46437825683024,8.581230593107486
8.564793391405605,8.581449053860844
8.473897679341883,8.582807393388928
8.475416655071381,8.584910443013236
8.584833268558668,8.587313584153042
8.502864312663146,8.588001814297812
8.455511695779252,8.588412135487694
8.51327840796614,8.590811845444357
8.536711966134698,8.594066571875818
8.452567318897046,8.5960204698229
8.599203404794883,8.599429300607783
8.513959811998244,8.600026399538034
8.50110633838217,8.601126578784257
8.535255397619961,8.603713487856727
8.499425515368245,8.604638543862352
8.469508939918715,8.606105914338876
8.499957469948152,8.610524625819405
8.472116779539085,8.611955749570793
8.544274157747205,8.61244084168493
8.519633348617912,8.612488181540371
8.494681087441222,8.61249296894717
8.082689134880122,8.612868511466337
8.573263128079326,8.614728612034485
8.600513431769945,8.615824021834143
8.5563939234227,8.616028948106596
8.55502856992802,8.616272913649269
8.516954925454016,8.617495761662527
8.473088543845668,8.618896399502624
8.493379827920542,8.619414855793138
8.49825820436828,8.620955509040144
8.550469631296453,8.621503464618947
8.57323704230529,8.623155536954599
8.580454882734392,8.62587225402093
8.587379415722381,8.628883628455972
8.565741944774349,8.629236469122901
8.491496379701134,8.631407394541935
8.562184410556334,8.63539083129977
8.623862370135218,8.636850670051903
8.592995703956877,8.638956471807415
8.612789074768855,8.644711913917776
8.544398725068074,8.645122503194798
8.615965653446914,8.649441961037555
8.582178590050606,8.653277010034746
8.568595712871035,8.653641446099883
8.563063171414104,8.65689648624591
8.550276043457933,8.660090993926607
8.647684763387717,8.66122156428659
8.553968768769339,8.668127697387565
8.644593130715243,8.66926444230823
8.590798448542426,8.671087504687996
8.623089102870228,8.671747975085875
8.5833759969995,8.67315890741463
8.668317532992846,8.674499155724428
8.61205657169721,8.678508311231447
8.672887652812296,8.679393836176681
8.602277097968495,8.679972804757703
8.599587679930277,8.681060206647583
8.600161163129773,8.683952585463574
8.684987923024778,8.685269211642204
8.573669203844513,8.687039634922522
8.611500077455197,8.691376467921774
8.605407858401454,8.69200689322094
8.552827658283537,8.693099772216833
8.66521789082984,8.6936795938426
8.66940454686317,8.694909504282451
8.670266618707931,8.696210584093482
8.630027073596318,8.696613497894992
8.703008187294106,8.703009342350844
8.688590358925772,8.71179627487707
8.610936590321256,8.714300626749615
8.591014472331395,8.71947791577475
8.609274449661982,8.720420951627904
8.681607050668442,8.720934453099074
8.625196594491943,8.724952904016936
8.617559486184355,8.725035904372092
8.725071443302934,8.725436673316477
8.602001775395472,8.728890725589055
8.700861677620049,8.730324363127496
8.59605410505408,8.732347807578922
8.598285590835268,8.737530137427271
8.652595893811164,8.737769578933841
8.309184541413117,8.742753062142084
8.623152500607649,8.746502503535257
8.733269644584965,8.748101088296469
8.74167072578044,8.748752223852586
8.66299962818432,8.76187351278282
8.680529731112962,8.763009812367317
8.715957954859597,8.768925138149836
8.632175326811858,8.770428300052156
8.666167859839895,8.771511458495198
8.737066869885656,8.776329230866061
8.719736113182325,8.779100413874913
8.665925009096973,8.779168526245439
8.775678297040344,8.780888786377234
8.653416570580227,8.783415116807673
8.705248047345815,8.783751610981975
8.732231303188646,8.78416503947254
8.744951783868274,8.784551411928286
8.66707497840828,8.789917593020501
8.778943762930934,8.79757505350339
8.544236161753958,8.79792531102516
8.699903517337194,8.798602968212244
8.681105521280765,8.799132757157505
8.679338685816187,8.802136104933819
8.802784051987697,8.80288030471673
8.79230605774346,8.804701751828336
8.706668510581228,8.807294714097601
8.766188801043597,8.807621928628924
8.749073784497941,8.8101669212061
8.554795312160461,8.810830509961946
8.74782569277958,8.817943168850476
8.725734441504184,8.819262601519707
8.711249873132363,8.819888988322804
8.789599261570027,8.82080193558875
8.758158418904873,8.82138949720089
8.823126037344343,8.825914509188731
8.828589341871321,8.82901453693718
8.721374496583476,8.83016907275366
8.762240969525264,8.830650416962362
8.829603125263521,8.833976830261388
8.827582890008141,8.836842013625947
8.741440650990524,8.844470305388944
8.814912661316306,8.846424422840979
8.787498100645049,8.849039692895166
8.747304259321902,8.852847096480895
8.801443306418118,8.853166510619328
8.763265412331835,8.85349645597535
8.772332461152137,8.854650105730325
8.840742664892547,8.856960614499855
8.85471843625616,8.858224394626664
8.817905091408978,8.865901858597365
8.78539617495612,8.86593878854908
8.801026273709336,8.870125223734412
8.835049574690998,8.871756572709252
8.822297302807264,8.87401849331522
8.759279991200689,8.878248979784656
8.810687507392895,8.882322892442243
8.636487688989032,8.89011279594898
8.809634938320773,8.890538141216625
8.79759507631901,8.89278160534382
8.830273130483134,8.895367404463169
8.857277375329403,8.898052560478497
8.9061608513651,8.90785780981599
8.806072779108879,8.908090439339556
8.801045478405396,8.908275739884338
8.903318976786633,8.908902073568516
8.786879046667693,8.908943841211425
8.831447127142022,8.912865072741017
8.842675818047692,8.914146721025837
8.91616974111676,8.92080869567944
8.857086953212264,8.925712751436084
8.89854499293267,8.935957206204659
8.79601509316067,8.937671393477814
8.89044332636821,8.938245208381623
8.905842614564719,8.946383473905414
8.915488736331179,8.95740142181737
8.91405804148214,8.961780021151956
8.923135704047706,8.964487180703419
8.866798221570697,8.968627057290202
8.803242976591042,8.972435749881544
8.937823762934096,8.973121062455657
8.919369865878293,8.978299048030246
8.903373023838945,8.98276339713753
8.97310509210217,8.985109332206028
8.905706813858888,8.98986992378258
8.986719856229136,8.998464487547357
8.880242167315512,9.00027038943527
8.660222486249271,9.003415127439357
8.928124314967636,9.005202427305665
8.975142167455417,9.013263545405408
8.95506244588292,9.013920773402166
8.97636536769409,9.019783119671999
9.005805270069564,9.01986540281946
8.996732522259892,9.024919076510052
8.93974847198845,9.025388989511535
8.677311886544212,9.027152038925056
8.825317456233904,9.028805076795798
8.815824237996235,9.031931910953833
8.792276564401092,9.036541631735027
8.820187859383353,9.046823423115544
8.978635485419392,9.051622522489339
8.683595329227614,9.05286803724287
8.718240844726793,9.053034066147475
9.009004059070424,9.059349692813953
8.96008572950528,9.063974365049289
9.03686387166752,9.06930527005907
9.057587310502216,9.072091470373088
8.524459826670812,9.074058384712727
8.94035497949428,9.076512751837349
9.042152688482659,9.078042156391469
8.988550820633261,9.079491240075487
8.757096317087479,9.081642450596078
9.03244474313064,9.08179689348825
9.004739219616692,9.082656089304972
8.985582884769016,9.084762818998867
9.07024815631294,9.093170193226568
8.985659807056793,9.094366292279247
9.019896257330906,9.09454101282537
9.000127407714338,9.103446882659352
9.076332888234937,9.107817786571225
8.864906297146582,9.108042305727942
9.02284062079516,9.109607572459609
8.951014425719308,9.111374525052078
8.86420352273358,9.11159988168636
9.08914897984862,9.120411922096629
9.059112668121726,9.124563631654201
9.135731397498645,9.13575640786183
9.13417536994407,9.141566417568201
8.573284936280679,9.143057430528806
9.136925162831236,9.147071433733384
8.88274267282688,9.148594593497661
9.11408191726275,9.154154881909978
9.069274783243918,9.154668770668096
9.156791423485405,9.156972830014915
8.752353320932606,9.158138875762903
9.023828693933844,9.159212031513775
8.672559717268642,9.161144802062363
8.994160852550653,9.161474438196842
9.158704490599881,9.171327654622973
9.127356972992853,9.17587167597473
8.75327223541527,9.178609306551408
9.173999807635596,9.178755932193424
8.553444605878234,9.17909176229804
9.02462942369209,9.179378042078994
9.177530745227493,9.180766152385434
9.052925383440067,9.180843611127985
8.947986486839387,9.189130006627883
9.141786765423209,9.18970072538032
9.181136871606286,9.190830465563998
8.949125348207719,9.192652945462285
9.041661913320102,9.197277394836075
8.699518959487408,9.200216302153994
9.201204053645341,9.202570574053862
9.126693054586,9.206661176904644
9.032402641306824,9.207739303720379
9.211367891634268,9.21136798735546
8.978240791944737,9.212977956424115
9.061230859140867,9.213644582967106
9.201831072159552,9.215379345375867
8.760544047643393,9.219552643610314
8.723235465323306,9.219752198242915
9.055799443691967,9.219865488324515
9.049189570487219,9.223293040689871
8.990330510130867,9.226134780106893
9.083550066715635,9.23040529430073
9.137468198011526,9.231155899863994
9.115343888188352,9.235191364286473
9.124586951985144,9.237793237841554
9.06734825188743,9.238354076850968
9.220487641079657,9.253078152801884
9.15295308249432,9.260402343544186
9.0654044255819,9.262060296876182
8.687483603209497,9.263440263809802
9.07176582427913,9.266723910645013
8.983111455283087,9.2687550892982
9.083656095470023,9.269201378316101
8.875392839317609,9.272296454321157
8.963402668051785,9.274582715959937
9.029557049085785,9.274819311766393
9.25874097373424,9.275603256862317
9.106071482424056,9.280416319463342
9.071724680161626,9.28267063495596
9.064408376439545,9.284222004109068
8.984246359128381,9.28515185787928
9.259506983716664,9.288954432335712
8.238115010247219,9.29747306381816
8.913068517065799,9.298980417304794
9.119039589678254,9.300924318048336
9.286186510899533,9.304260827661619
9.126360796511104,9.304840262147964
9.143323852155625,9.308350167113197
8.712683153119126,9.309332524197925
8.616507058750777,9.311047403379835
9.2414240833455,9.311333486826962
8.828863930968566,9.317776699616786
8.749920435149582,9.318336400111964
9.001675271954566,9.318799827247188
9.192367265924371,9.319185867633635
8.804068964202859,9.321322249670597
9.262272590541114,9.332458589500526
9.028663954131105,9.333203781646459
9.237952949727166,9.336517409747092
9.219324271608661,9.341092621066032
9.007527600588261,9.341522063512674
9.334702541647754,9.342356166121148
9.276544410274802,9.344547067151693
9.299858243366824,9.346140887236075
9.325879472963525,9.348067928184417
8.941832114961098,9.349797030201739
9.262248351987427,9.35194785013487
9.30921918424578,9.352520202991673
9.14636340482031,9.352634118275336
9.092119207060083,9.352689233072688
9.245108857359323,9.352727580295053
8.989568248181516,9.355026707505377
9.271923723301386,9.357919829697884
8.958447195736133,9.360634741370106
9.0525429924454,9.367921445548925
9.151253871123508,9.36902201726981
9.072336831841197,9.37085079653788
9.197074976426688,9.370877384074756
9.215239618952017,9.371544788087942
9.139790878797827,9.371613549169968
9.275461443525755,9.372170834611214
8.675934803201077,9.373901699818166
9.310554216046826,9.37390895956705
9.053478715890218,9.375959680154827
9.297732467878916,9.375999458577441
9.316041633147583,9.37791760561071
9.122542019023811,9.378993344890931
9.188593687187169,9.379538614341673
9.10951591809449,9.380777238956366
9.237675582089977,9.381049330421146
9.284119052803504,9.381052185274815
9.254953826987638,9.382374039861533
9.236353685947932,9.382640155013911
9.113450389184624,9.385145187051833
9.30760936340793,9.385363336390164
9.242808797607351,9.386051654881367
9.32098367140205,9.386353646547214
9.196685751618276,9.387270346049513
9.295952671458574,9.391920155173354
9.300674282426971,9.397747689561976
9.220301596613265,9.398387275781566
9.302509135974201,9.401949851867418
9.311699814851337,9.401953423321945
9.12527538057332,9.404816697286913
9.35119285324856,9.405117673763932
9.332707186743157,9.40529656395542
8.706300964069289,9.405493625688372
9.282393342488454,9.405962255587792
9.36266438049584,9.407930763182382
9.308444018530228,9.409639303383596
9.159373205741751,9.410622986578417
9.038765432750438,9.412453658154678
8.855553993193375,9.4127535129438
9.263026922774646,9.414672160264162
9.369281126053583,9.415625250029338
9.400775192771441,9.417202038422783
9.307272544954598,9.418385318250685
9.18535011295613,9.419198667519181
9.22626511313669,9.423185127038863
9.324371454511434,9.424188063553103
9.290607783033899,9.424303800135458
9.257570876710595,9.429170924679731
9.182792295370582,9.430273173641005
9.155751730987443,9.431665408459232
9.433759524891096,9.434977325587075
9.306564468028593,9.435206200633452
9.189113093425572,9.436902932321477
9.384849148999578,9.439143270166866
9.376375912525095,9.440587578918034
9.412772078976985,9.44116367381841
9.24306087598232,9.442777411697978
9.313086718834793,9.44316649173918
9.406660983352067,9.443709239286594
9.284639536380421,9.443804646850081
9.349593815674961,9.443805335166232
9.392563902702195,9.44466950040966
9.388002657544881,9.445007594289425
9.374748014408684,9.447758500437345
9.3281303889048,9.44808572247856
9.30314527778693,9.449105032778633
9.394582019457639,9.449250217211773
9.38328322345441,9.455357805352605
9.429425779447872,9.461025338273313
9.344083668299916,9.464327280219056
9.16497366336611,9.464350038551082
9.441348384638145,9.466598537437878
9.446841728440196,9.467426120174748
9.443778206380184,9.467757726582859
9.442172431490302,9.469767034442238
9.146358414164855,9.47099566308045
9.304709979230399,9.471040369197198
9.420150280502696,9.471304684005736
9.322470832452165,9.47263049745642
9.311654363040445,9.473770282878691
9.443255874487818,9.474457149443381
9.387551966318268,9.475728394256713
9.235575974510738,9.476173738411033
9.391050001959549,9.476204237997688
9.352255332134495,9.476881769876337
9.351435204561168,9.477405115570445
9.462966961298793,9.480265935160716
9.478786986713342,9.480545943193338
9.280978126390671,9.481734662208094
9.45328881036435,9.482433954761497
9.16881962941697,9.484326706218159
9.209695039701455,9.487017892584696
9.445797220454796,9.488163918439245
9.270281229398165,9.489331411305905
9.360385073974886,9.490691676032522
9.313373931533317,9.492976213502555
9.47487922122809,9.495074486910923
9.36228972964588,9.49748483214741
9.474406461798235,9.49906801774549
9.405569086487006,9.499087721972954
9.34283691892531,9.500325791975602
9.483568778159214,9.500348411731714
9.307586432195198,9.50535871849311
9.001629897983868,9.5058520170341
9.406742319506703,9.514594309288496
9.23498743929022,9.515204859701264
9.416689881486866,9.517309750340596
9.324540067260333,9.519185444859183
9.45053949034067,9.520969667738619
9.396358361864525,9.521194675815508
9.411887869316956,9.521402677850833
9.521233987487888,9.522431078393396
9.126087212866711,9.522974433782338
9.492236604748667,9.524756334130593
9.375002156308629,9.525099925794859
9.412698338294042,9.525467451590806
9.47374802195467,9.525975974727467
9.45561820659633,9.527237202462413
9.475733764148458,9.527277247321136
9.138663570622978,9.528111899078871
9.44188467854279,9.528485476731035
9.44468031781106,9.5290539662827
9.370908669673014,9.529101188638887
9.433766230800387,9.529641894549808
9.523590627854915,9.530824191703575
9.518036326383317,9.531201974940565
9.390881631746957,9.53187811219788
9.429499054674608,9.532388985962644
9.532476231316672,9.532476320225165
9.413091236314354,9.533760407126017
9.284316607553718,9.534824393550796
9.422716632617982,9.535683187837225
9.511328700653362,9.536094508519021
9.427567847741678,9.537153916345503
9.423280663827054,9.541437765942263
9.456085991524864,9.541899070988883
9.524478983018124,9.54336234233093
9.097395020566484,9.543512029162514
9.40970795589779,9.543733832526932
9.43928646982155,9.544851217958449
9.496734797664413,9.548089136273662
9.320112113091993,9.549115236293407
9.255115765897955,9.55378292404776
9.331667395148049,9.554931974155487
9.26164933433229,9.555299807329515
9.505174845816823,9.556591690633944
9.516674445784275,9.556896455498205
9.523307219936303,9.557212216155001
9.501567707593816,9.558897782366087
9.389415269142885,9.558975177070064
9.49850062772697,9.561402796745908
9.507107735203423,9.564745640090436
9.34132088386948,9.56551837850824
9.446583279621297,9.566662648535416
9.47600994322561,9.56728150943157
9.512513785213269,9.567529348976734
9.13064224772533,9.573259270922065
9.32665710105865,9.573780592457567
9.471704223226332,9.573997970448062
9.484550240514755,9.574534689813941
9.50634907287197,9.57736183261952
9.243599408357738,9.578130350110914
9.486673913754931,9.579264996897438
9.549805655469594,9.581007508526493
9.450315795496437,9.581703591558815
9.527361304977262,9.582096314639667
9.272670602471024,9.582391877328103
9.341373249499117,9.583313201316983
9.53647955216561,9.583762161792059
9.455497013491055,9.586104748621509
9.528320852598638,9.587081283035502
9.53411052940033,9.587222492254744
9.365954591198276,9.588950507391253
9.453203741108801,9.590215417911914
9.032834393694491,9.590472985439312
9.472391523638752,9.59233483444743
9.496172858976582,9.595506512300553
9.267747318976538,9.595783581174244
9.473148522125411,9.597960827426533
9.600573638459334,9.602360060683331
9.401532945451862,9.603150956717482
9.572380948077289,9.603399514277065
9.596017390087816,9.603747363693905
9.583314899858994,9.607932105737689
9.52118581482367,9.60872388568023
9.512956927245302,9.610291509878284
9.610748793132087,9.611036542236807
9.423235250684508,9.611041546287488
9.319195379886885,9.611131523998324
9.59546774550889,9.611401309256198
9.541178609207861,9.612182239530421
9.494858311246604,9.615946789580288
9.594422804068284,9.618920414769043
9.498819397073582,9.619424357200582
9.488339735786527,9.621316365274442
9.576586596345203,9.621816840024511
9.499131228310825,9.621875075975012
9.569696323090904,9.621881685486361
9.42104954263618,9.624174275361916
9.551556340856742,9.624552415628521
9.509363752423841,9.624908757791014
9.430402449325182,9.625611141750719
9.500509972585562,9.627496504491162
9.267808090249646,9.629427199053438
9.624187461662533,9.631127588436051
9.459801880069165,9.633253312281594
9.12587150207019,9.634614084578793
9.52578286444385,9.634720317833766
9.571842437786554,9.637572550807715
9.525080290604933,9.639177910569533
9.631403320599933,9.642660962507176
9.40378349877285,9.646182482275034
9.642661992966286,9.646559831345968
9.506304463892192,9.646622865336685
9.51402583666499,9.646922382149002
9.480999739533512,9.651356972018604
9.597114135609639,9.651397304365803
9.44743989261666,9.652089121901383
9.640785480857108,9.652098019578316
9.537046174855835,9.652936004527252
9.57677396094201,9.653291786803674
9.613571726407555,9.654079519519415
9.603724065157648,9.654164307188257
9.57522956633888,9.654818259127115
9.651750839252617,9.65642560801442
9.607464643768681,9.657890831103078
9.620106626632683,9.657990796177693
9.656170969271718,9.659698347713562
9.613523547364213,9.661523714674653
9.43969752087329,9.662309187046777
9.656756559448937,9.665134901398158
9.50332244563566,9.667178408483595
9.514687271513585,9.667741621790787
9.377752043540937,9.668871984595658
9.669394036796565,9.669434382308193
9.157193551059388,9.67093460435973
9.555692434903786,9.671957334039439
9.423619582485198,9.67240228609639
9.624885433808284,9.674522965075512
9.07847529773504,9.675714139961244
9.649850984843592,9.675811441552726
9.568466811345582,9.678538621284297
9.673227958805949,9.67854197814872
9.461115966341344,9.678810399834772
9.524332963169378,9.682959571563126
9.542754121024565,9.683768772581482
9.576189680607975,9.684442611051502
9.642275279760906,9.684550654448143
9.666025104882376,9.685288356694482
9.546489739078647,9.686333476420884
9.602187996560978,9.68658635559151
9.66883080962149,9.686743624127079
9.50352992521462,9.690613194861047
9.475287305044489,9.690802365613305
9.414555024664148,9.691028599447698
9.603632292376874,9.691320335887099
9.67039785831352,9.691795189775792
9.625060584214744,9.69324129705921
9.60736995837574,9.6940222927343
9.573706709884718,9.695124398601571
9.626925223900642,9.695125783309425
9.644153160347008,9.695526095088589
9.690665060194906,9.695744075359894
9.44081592804837,9.69685133149903
9.689668458692873,9.701618530155038
9.698342280320357,9.703586363029023
9.645534891172137,9.704614377564017
9.656228722180458,9.705438380401775
9.709860048713786,9.710306861185309
9.65601593205293,9.7110347981255
9.599677113682558,9.711149249311323
9.702803725684383,9.711996032986377
9.572356309390221,9.712513245694286
9.39848559849677,9.713105107133536
9.70119895278849,9.713956125625195
9.65976478731816,9.713986433731396
9.588796166507692,9.71512573195071
9.703181692300225,9.716202599525767
9.715078906139965,9.716269479854782
9.610462920540195,9.716380301332286
9.68336512905404,9.717170841426274
9.22247140079492,9.717671941569455
9.609493359487363,9.718259861987587
9.584115676701206,9.718746213942556
9.715798338986517,9.71955343795971
9.622178803900814,9.721706137248987
9.514543419354883,9.722345990267554
9.394134719397663,9.724374211478777
9.707334298568316,9.726237997076382
9.32860056780925,9.727713209813576
9.676611459297366,9.728900457063174
9.372361833343806,9.731737805383132
9.694371954590565,9.737743310515693
9.689279317595556,9.738177258908474
9.617147360640201,9.73975257089013
9.669470656918683,9.740607847249173
9.736062793609037,9.74145226120027
9.681028377951652,9.74346489300244
9.669113426432233,9.744457668323825
9.597532937741017,9.744533939601899
9.696640815765182,9.745565309293266
9.283987306689369,9.748292193431773
9.671379925377853,9.75200694419601
9.742039030299445,9.753001205442503
9.563178265171805,9.755563262973949
9.740447292238873,9.75678753720311
9.751471809439671,9.757994781447174
9.615863341200985,9.758805549804585
9.482166137901787,9.760324794016174
9.378876919679227,9.765308752609899
9.751264945056327,9.76663845477173
9.704381175765926,9.76708041623203
9.738279616322297,9.774297678289308
9.747583717209704,9.778231573337772
9.735200939773325,9.778300511946856
9.775628507336714,9.778740456599074
9.406994437309649,9.781018980103592
9.740217451957914,9.782205657760969
9.744855723222528,9.783518092968635
9.757506963941747,9.785784568239546
9.280784209335494,9.786076072989058
9.746782918816486,9.787572044024156
9.71540136102455,9.788886099179283
9.304001937148909,9.78925977655734
9.572026010656902,9.791224959357734
9.75570962363171,9.792377277350083
9.792177288287238,9.793971376476993
9.191862475558477,9.794245804981355
9.721220705975625,9.79446922029108
9.653758478324932,9.795009140997294
9.75511008067173,9.797756403399724
9.788455951376815,9.800606266583305
9.746385857567343,9.80204851819122
9.801410731049648,9.80233053389211
9.569545308862011,9.802906049931307
9.754614471191864,9.803511827790917
9.785986701307753,9.804473338490713
9.696315851790876,9.80489284006762
9.805201267408215,9.805429746021701
9.72469426388323,9.806517726592233
9.250323050726198,9.807754137653443
9.650851262311779,9.808657385734579
9.789371607719715,9.808775573177956
9.811162754576973,9.81122378912146
9.811647184198133,9.812496824942789
9.669527499031542,9.813343803987186
9.732154188471569,9.813729830438724
9.806736457266739,9.815770137056477
9.637722026219203,9.815834133996333
9.794303475463837,9.816456877647331
9.801527287410494,9.817445705068263
9.763243082064223,9.81933004059958
9.798998421010314,9.823191394138608
9.776677473093336,9.824565594669366
9.772698469553657,9.82545081179132
9.638125666929618,9.825861669460737
9.787782217724999,9.827467379729905
9.82781821816021,9.829762563502666
9.820372521809395,9.829765137837814
9.78640308359177,9.829854037418624
9.829240951587865,9.829931291426139
9.82113764343815,9.83115227357969
9.690028293782396,9.831308446319582
9.805429071351949,9.831899731926743
9.395462226602376,9.832768625547857
9.710167799005927,9.834483927787801
9.834520397881306,9.83533773536957
9.812666479346042,9.835657663024955
9.21897261114637,9.836944812823894
9.452648054750272,9.838487618726852
9.803455155266981,9.841134081481982
9.840075133420772,9.841859630211996
9.786069663268535,9.841931360406425
9.686315420380094,9.842800033198465
9.638885452086008,9.847567652186934
9.84780277568411,9.849911812975677
9.797893434412515,9.852302559538938
9.804064707100277,9.853951207632091
9.832622668999083,9.855284953702602
9.814005515197332,9.855434465746576
9.825998650704552,9.857747922443115
9.759923103603498,9.858328474511449
9.796952413787944,9.859669260184043
9.676565706582613,9.860184867996004
9.76030982698743,9.860640898968517
9.861601313488599,9.861948728720176
9.84838887151929,9.862739247532293
9.811392606328678,9.866577907198824
9.867519235359918,9.873960121543988
9.77393856626541,9.877845321351558
9.83821525601834,9.879329161526291
9.764307993746021,9.8811497010451
9.871199604208055,9.882069218402407
9.838995377805732,9.882962274101688
9.873141386109825,9.88347703731421
9.805338535675254,9.886616619474204
9.865916305647122,9.886651970402735
9.822191897017461,9.887293964242328
9.829474615075952,9.889452028048037
9.770065296299553,9.89029070374878
9.703937707671752,9.892180620518168
9.89120476714684,9.892319098807533
9.8946895712565,9.896262641332768
9.751136452747465,9.899027473144873
9.805977883283457,9.906427167178606
9.89310453926941,9.907229124632735
9.872189910900387,9.909232201711728
9.855440716992089,9.912527422132932
9.83337982951484,9.914671141307258
9.904079002034528,9.91825684854717
9.632236099859576,9.919602570063917
9.900621818955784,9.921331501484726
9.580971393784015,9.924208709687257
9.644855834854244,9.927542299748783
9.796248129562922,9.928380298497352
9.925897017904456,9.92948102358541
9.913886594641843,9.93315055424787
9.93323211165001,9.93323542274064
9.936275371679509,9.93652466607218
9.921057837787398,9.938677098686327
9.863856911609476,9.939377468843277
9.86811707056726,9.944562213273404
9.884463925990687,9.946323551174277
9.937226524431868,9.948078199912127
9.933011344378198,9.949836762198732
9.910985040102553,9.951610336582236
9.895562957545389,9.95190293540847
9.675710709375863,9.955242411762303
9.952962237898348,9.955532817892824
9.886885246281206,9.956567610190504
9.537031533396252,9.958908128711766
9.90985491385399,9.960476270444069
9.94604911724091,9.961090415568897
9.922835935232442,9.965798009521055
9.96381059717618,9.969293638695927
9.950857215770593,9.969577770946174
9.93590082057456,9.969743562326325
9.907635900309124,9.972212707127023
9.869375267860596,9.974331649200042
9.878732961512418,9.98555058531101
9.987971234385544,9.988477578335349
9.994088929456593,9.996053730153529
9.92073740833704,9.997570220801467
9.993196155517317,9.998335525183457
9.954416860021606,10.004431963423102
9.989510718129821,10.004821496761675
9.949259827431685,10.008496855111595
9.93537178812846,10.010418376339622
10.007634542992077,10.030102247715387
10.010997593822935,10.031727839863947
10.030326772274979,10.034917709271774
10.023150700953249,10.036319788636384
9.893057998280023,10.03749284225718
10.035437909656418,10.038744907319927
10.009797466686472,10.042659499398983
9.89209184639487,10.043317151431129
10.013653443859397,10.058388969365591
10.053558808091097,10.05985291890315
9.859981823243437,10.067097786185013
10.02807075523264,10.06821944863355
10.033518715287506,10.069962845965703
10.010938387666108,10.070592154639215
10.04183871398574,10.072802732240309
10.053773907193424,10.072952070357474
9.938374727848739,10.074476011159561
9.871552624228563,10.075960760515141
10.079916153026126,10.081742024165987
10.065417147748397,10.091852960768644
9.732457327012703,10.09735216354201
10.09702941256397,10.099679246072135
10.081091138551265,10.122011653049658
10.063731569400336,10.123226735377182
10.133333109231028,10.134735677745784
10.13566189496547,10.136891373213711
10.136794886953773,10.137154764463808
10.127274291158415,10.140906338946184
10.12986764243987,10.146708760233427
10.14879790813259,10.153861697580968
10.100869872917784,10.15879988794411
10.159909136591285,10.165222777111904
10.163969260350886,10.165507953309476
10.123476451980721,10.167380804866006
9.78721687255234,10.173841947058879
10.165792324474179,10.175053173184601
10.124895846142714,10.182669959532197
10.17848989919112,10.192470027047943
10.195467393812216,10.195594325410031
10.177895846490527,10.197182520627567
10.16695260046265,10.200090937421304
9.869742606934814,10.20197667899456
10.191793531432353,10.208896411767313
10.001245656753417,10.209150155995118
10.210388885304711,10.215763063395642
10.21315449932315,10.219779224224272
10.204524248191532,10.222740841994753
10.1904099380105,10.236926053793562
10.190707109732202,10.239451367224444
9.920199691791957,10.241331077166334
10.15346191122882,10.245435412614912
10.05840015774546,10.271533421777482
10.27156299440594,10.271975718783594
10.277143864969116,10.277154698831442
10.278565391287103,10.278769190120238
10.28162989575554,10.285182277174346
10.276784670914825,10.286251793993603
10.272746290892327,10.286557760744618
10.253579315497314,10.302421250540224
10.3014367175447,10.302749875882139
10.286508980497473,10.303290114827949
10.326832995227925,10.332636633704118
10.312287739359604,10.334868680719982
10.223540406726748,10.335408507424164
10.306323450625328,10.338777090910916
10.307013554832414,10.346552902796391
10.283973418771783,10.355152935316204
10.350137902326203,10.361577432276086
10.387491772445621,10.388107197354273
10.214593331595058,10.413916086269328
10.411954924390889,10.434982393935083
10.414349745551363,10.441811619916459
10.328295093780689,10.451370783834339
10.411229129534771,10.464226397979122
10.479052336171566,10.480141422938747
10.39243352060554,10.504751409320056
10.504917981493685,10.535810826944816
10.543762731397067,10.544150815694337
10.57975529106541,10.581100747742251
10.545767332334217,10.58711227342021
10.404867664838147,10.591371643257501
10.028661094098842,10.60482343971617
10.507665916545923,10.622319759170235
10.585015321595531,10.632120935011669
10.605907861253232,10.635863064935291
10.639551721156392,10.639551768875368
10.518371149710205,10.642418617966216
10.551070720425358,10.642774697271207
10.554481585779406,10.644632850777494
10.66385551295508,10.663883555082233
9.28312006276482,10.67355921179356
10.67845813574893,10.67952536020556
10.678017400761242,10.69023658411464
10.672656560154572,10.693012085347107
10.705156566196464,10.707069051358214
10.702174694167656,10.717560776516052
10.676841574674988,10.726818581439055
10.701706533583529,10.727015836655742
10.688594579135067,10.727103432443283
10.673660777808927,10.731856482880886
10.56027676205764,10.760079511686392
10.11608012025648,10.76112157379228
10.4536111693739,10.772718291075396
10.554917045033205,10.778892529982926
10.752374869207905,10.794502211919692
10.804046389585857,10.849465895166926
10.862897452325802,10.866605067982304
10.92788841684589,10.928869800521564
10.851179070903537,10.942085362171383
10.914137730973795,10.991232081826073
10.864375171700747,11.00330335439434
11.030506208895309,11.03113579964904
10.984444018805927,11.045407361356574
11.033353609425333,11.055303077331667
10.605782675420613,11.060278594942998
11.007861363043865,11.077266540757492
11.047624443385082,11.112368349114094
11.048490041943134,11.116361228802056
11.098836054100175,11.154104215604159
11.149779601772803,11.160502252126097
10.982619294581792,11.168871339226879
10.090002048423877,11.171439011562882
10.928931383881444,11.18714452508587
10.921959588271168,11.191587246600772
11.219148070684684,11.236675755136481
11.228835186155756,11.23860455955461
11.228687955722563,11.244877090303508
11.243415949483042,11.274623286399741
11.28798743068483,11.289022187823113
11.297229222844454,11.299999952840672
11.305487027730194,11.31576946648089
11.31566672611454,11.315917081096856
11.157339681487626,11.372531097061467
11.27351197407445,11.425363497900793
11.004330064057768,11.430275772550228
11.344709664441162,11.434561148552469
11.442009724162435,11.449148182257044
11.444025578419883,11.460956970075623
11.409518676400623,11.507947530444234
11.412645000933054,11.573812852513438
11.473943719253624,11.614869303020399
11.412143231228658,11.615815520897922
11.48631002878058,11.61692055840176
11.404134572670287,11.649291036765474
11.555283891126573,11.655103468077568
10.724865882941383,11.664009197722091
11.570062435031462,11.673796448421843
11.049994090094465,11.684664815666707
10.991930049950717,11.691167032887057
11.645774895804543,11.730631087380662
11.434294411238135,11.73483577424241
11.484253844452857,11.762375958813642
11.630516128079883,11.763324895552334
11.722125479770604,11.782658479311827
11.63313749889544,11.78268219055839
11.393017002901749,11.78628590155926
11.743766820030984,11.80916471135157
11.826965148292903,11.830278771554951
11.721956242146394,11.863185726635969
11.852211883510728,11.875196778433544
11.688921755221125,11.891582701005758
11.527445562230096,11.891747544595857
11.864225573907484,11.901549657225415
11.921409964651774,11.925834858655517
11.523573122438407,11.941185649291878
11.742545728052367,12.000057360953047
11.92932818529215,12.014830266817183
12.073282978674111,12.081216020927837
12.076602285114959,12.094244011129199
11.612503391927351,12.099987012001147
11.880323864522492,12.104728626998675
12.03498709589705,12.106201746357227
12.126982852577338,12.132769867299228
11.79440322291348,12.143070919525643
12.16740016025938,12.169011777215218
11.790543521224102,12.216608162542702
11.420517369871304,12.240256176138343
12.260272174255315,12.26674245072996
12.324817221093506,12.324840005733972
10.637071110344298,12.342074302366608
12.333257802556636,12.353744426823075
12.32316799747382,12.378575374813849
12.392804951327133,12.392852473030835
12.266893351943683,12.401567407850393
12.414531272680936,12.418693391955436
12.142749872909558,12.419629939375534
12.423188669821759,12.448667209346127
12.389470628539732,12.475013887653644
12.392711014580728,12.508874545873956
12.46164239909009,12.518226586925755
12.354846662834168,12.548469642769856
12.42505907874092,12.558432037540971
12.55961413681388,12.60576010284988
12.630350599931383,12.639873781654554
12.632051840442168,12.653649121049002
12.587116159495917,12.700776222498142
12.49765352346325,12.741165617900261
12.360416533023125,12.809093721037684
12.48410298602359,12.822273508432268
12.689996284772292,12.857165123765807
12.685415764787557,12.870095199869251
12.513235663183028,12.931533979853356
12.887448518845202,12.962231638381903
13.026515282034484,13.043185055930792
13.07044143325026,13.070744144091119
13.020988305945513,13.093695292126002
13.02879082931229,13.106689586356008
13.018495064259561,13.109400660483182
13.015396042556281,13.111060853996161
12.976998066377387,13.118676747394359
13.045384381223961,13.189437859887445
13.1844663570362,13.203085448460088
13.139404127035071,13.215046586320492
13.16290673364328,13.230598441976598
11.846563804014508,13.233188295131733
13.200011510806329,13.236532930259035
13.200055074003943,13.240382616539272
13.074043303399996,13.263632593319521
13.211765850069302,13.298489931863273
13.269149008110924,13.343323273755939
13.230190274693538,13.375285244584571
13.240724179085255,13.378077994762357
13.366276924812787,13.395788826176108
13.44743416276116,13.469457285361715
13.3217454346106,13.481951523694852
13.382137500974673,13.49051310382481
13.405211020422863,13.511707239578588
13.225236136029018,13.535140835509585
13.573393657819688,13.57385831725355
13.626714741414787,13.627079025543384
13.301164809933198,13.633142406169144
13.298033102178815,13.675233256714844
13.39317782116238,13.675307644939945
13.63531806619612,13.698152819965769
13.728789293469138,13.729754995205226
13.319604286663193,13.739057760031377
13.505900785140476,13.79082088675588
13.453219347585577,13.82262066853469
13.791081380434594,13.839160802402171
13.773147792488071,13.86401128779943
13.65695007749095,13.867375427077045
13.878945142421971,13.89957671693919
13.844080948874732,13.905954049812008
13.71089189826744,13.94923860498674
13.94387553982753,13.955820479077698
13.960108974113009,13.960798122380773
13.926410154829036,13.967608770986711
14.054470280663836,14.068675893917185
14.084585446018604,14.085261123890628
13.873498458326871,14.089015093967419
14.036737752009376,14.099036225691776
14.091595671280029,14.152204226585322
14.146824972289023,14.179088315193978
13.623794248873999,14.197876170601695
14.08222107191434,14.211857310216523
14.218511058874888,14.21887075748252
14.216118165303897,14.225363209820774
14.227080036394241,14.278050960027045
14.269533774554915,14.306933481730649
14.168796746877774,14.321133056785522
13.0399152867728,14.321439523069596
14.2257135624662,14.32768110649199
14.33037114844291,14.354870032220198
14.358132548494986,14.35816892923631
14.357875996227861,14.368122588958814
14.377067933167924,14.38380665969386
14.346574032279182,14.38708447537225
14.152701746819982,14.41808995762031
14.290419995913577,14.436128068884795
14.213825673575382,14.462989373014494
14.420480870372057,14.466872260993894
14.472702360269148,14.474240118046563
13.119665204819363,14.474501207322046
14.230244117479458,14.476455758453788
14.5120197650083,14.520064629503628
14.384212591951998,14.56331450591386
14.549911781482068,14.56450223702945
13.590485973991365,14.570326826311728
14.423382765806657,14.600551105052698
14.460786432716837,14.6187511588797
14.606239335987997,14.655862340209662
14.548606112511557,14.661098015826754
14.636366025436539,14.681202549422245
14.621197481830835,14.70287599008196
14.41996949630461,14.70490249765355
14.453468301231933,14.717254727367536
14.690280488787794,14.722021100948528
14.654145916682408,14.730779865524235
14.453754913229275,14.754572486115332
14.787773123618217,14.799866717855878
14.764980082300795,14.80814620145967
14.69979641833206,14.812011375833777
14.817144538937864,14.827136770745957
14.752323348092139,14.83571010553807
14.776929333488185,14.853663951338586
14.738133289103278,14.87252427947348
14.89293986574698,14.897525778551643
14.878577657968894,14.909046864433817
14.907706838458354,14.928184841938803
14.925988107392822,14.931452505388549
14.862423844754508,14.935025388247146
14.030913488462097,14.939757586951451
14.71718088150243,14.969590336646823
14.960877088039503,14.979551555458055
14.73775528352714,14.982098827963057
15.040539081447667,15.058723596496975
14.918738393380881,15.067823676323858
14.990356301128642,15.069226558121516
15.032283349151873,15.076197770230554
14.93343784562133,15.111943315960595
15.108170724070433,15.12020331509299
14.902795696741775,15.151301664707786
15.049202394921423,15.152391161947232
13.861677904859924,15.18999261858713
15.213747362295766,15.216460861503602
15.212601321575077,15.219445314768603
15.053391104282415,15.277736764699496
14.726174481191272,15.281806385785844
15.293609471263277,15.293668024636968
15.32302373327204,15.34272477902904
14.374984694478474,15.348410052455957
15.347031437996588,15.354257303004108
15.075972862509879,15.361222824440215
15.239441318052876,15.38159134227111
14.018494163410288,15.388418873158031
15.34341772553371,15.391595116383252
15.40331822626085,15.439977534451454
15.375299982332642,15.441712602125367
15.332713446808821,15.479464924596357
15.424388888257054,15.4832728244245
15.011041047841207,15.500461657510257
15.502764171163356,15.521594317576255
15.50763161490352,15.547425287462513
15.495532011508308,15.560821072003993
15.511090347284462,15.566733593814739
15.38157685795148,15.618192064608053
15.60511273816573,15.634494633664247
15.592358434932716,15.656548244878216
15.648936859250526,15.680929638274812
14.584005575758813,15.684867679351902
15.698588241620197,15.710196528173736
15.712622425633903,15.714643312242844
15.519129687265348,15.729781401133495
15.59857373835133,15.744201861105761
15.040445473758247,15.770194197538196
15.099687931139702,15.774059596369465
15.62019419479504,15.782316097591213
15.547378420205767,15.820408625285356
15.82514507198492,15.826756954122787
14.647317970394289,15.833272829114797
15.846682051271245,15.849492375969742
15.648191636796247,15.863865252324807
15.394408150117133,15.881841026493888
15.59870133938556,15.8915716116023
15.894910302408613,15.90276980341595
15.888457516751284,15.91038318528022
15.726339997025361,15.911661793037307
14.928337796116882,15.92759829516754
15.76303631340739,15.955157693897668
15.61905787405628,15.964150288316578
15.900030313700956,15.993778414529846
15.74859373433314,16.00258481978726
15.122357302817365,16.037184647073264
16.071847377820454,16.096225765927528
16.1060987808034,16.119837629877182
15.893596870931532,16.1297769198775
15.317391681149742,16.155139456904948
15.72035257753402,16.221117854321477
16.22620957554954,16.22637393468627
16.21528524792353,16.233212553297847
16.19206553302118,16.238648792307977
16.1513228768803,16.25244006738675
16.209258483481946,16.254478791061203
16.255169903088646,16.255234918920895
16.16022433348812,16.292108655126455
15.789191486967258,16.29590833595233
16.204081889408414,16.306982245020755
16.177575980970026,16.30707949820222
16.18050057919865,16.318917383238094
16.231365607523806,16.345716644598177
16.3670513214524,16.380619251020505
16.41250984353931,16.41259411013315
15.781532238013547,16.443128761785047
16.09777066229222,16.456588279940192
16.4673616353679,16.48292426383629
16.46897826959318,16.49291366787186
15.06769739264881,16.4984947336142
16.570519838840198,16.573366369800333
16.148330465695572,16.59801725365844
16.60516200180248,16.60517437526127
16.30388183104558,16.61489754454082
16.639362251211374,16.64177262784946
16.571773912559976,16.66499509734765
16.634600109726556,16.666327258336352
16.526208255383004,16.677477990192898
16.660880801344597,16.687532008143002
16.640170754796138,16.702030491809595
16.6156584718682,16.706749892310484
16.72201428832941,16.72802321266819
16.737074889449346,16.7492242300306
16.65792617106627,16.76949744467389
16.733232292690502,16.77092282008438
16.773418272490503,16.784197721898032
16.73014377005539,16.791933431469882
16.84892688830309,16.849545873421263
16.799999411330738,16.913752533987953
15.336612098311512,16.931557892643713
16.19237264525316,16.941303063546243
16.734264243981823,16.945043726923053
16.958812075023676,16.966097561958676
16.95346440842166,16.980642562522394
16.79919848926127,16.98442953683812
16.54754940413242,17.05234335196816
15.708246918616457,17.072803038067118
17.05505906237778,17.09938963613042
17.09472330325253,17.099496989433696
16.933827343580205,17.103141068255937
17.03659046394119,17.146241329426502
17.14666122893521,17.146778733374664
17.157827043779008,17.16007433761133
17.14810317661005,17.166021199960145
17.1827233955064,17.188226279412333
17.138091680869444,17.19563937494172
16.673017320190745,17.21430177916558
17.206372327823395,17.243547299028315
16.766948674685807,17.271046385654355
17.14238921816253,17.280572246051488
17.110794163753066,17.2816907381833
17.252454798162645,17.30752571029788
16.190687699578227,17.313621368376484
17.301043943894843,17.343946841928584
17.35440410740119,17.373732029009695
17.368073422583322,17.37621944498313
16.95950628565687,17.37840157313359
17.382826941984117,17.385768500133807
16.79741465819635,17.405234969821812
17.41449074221353,17.446901618488788
16.92954867353084,17.459536634614757
17.470290740370267,17.47747458475952
17.209915078772973,17.533663229292284
16.85487700292611,17.54037610076987
17.36668267926448,17.54384059231878
17.2901919865283,17.548561399531998
17.502074666888312,17.560658988119123
17.34146322967527,17.574292763394023
17.215591938543284,17.574866772971884
17.27756412781753,17.584542025684314
16.42178156125316,17.589399932629952
17.592343016832707,17.592542630095767
17.03389352288924,17.60292289872634
17.58812764748528,17.672308426647866
17.61294667240203,17.677408798279945
17.43794417780281,17.6789709171386
17.681028254231894,17.688236195982913
17.68614104756528,17.690947032310355
17.34054400719075,17.697596677752678
17.45512600583068,17.716466831064448
17.437886725463294,17.730848866805175
17.47173130386109,17.740373334630505
17.74761753310146,17.754333762724187
17.448232392486073,17.780462477108642
17.781626584378564,17.783160059371802
17.78628749870269,17.79340401392044
15.792541538572394,17.797443229558567
17.82806700324158,17.828430493106534
17.845861235430192,17.8460863562786
17.711080920828945,17.899558082392353
17.802726020113326,17.908902098630616
17.947453841317213,17.955696198486738
17.936008962324017,17.97688500431613
17.700338766468743,17.98338148481264
17.972091338538213,18.00512881078399
17.34303371498514,18.007749130864042
17.274231599495614,18.037818699756947
18.031344885787902,18.03889492731028
18.006936358347726,18.05556077224768
18.08985185390409,18.096032484436865
18.057856774890006,18.138496348370282
18.13560115977507,18.145272618821206
18.129437775497465,18.16849978622619
17.76638661480404,18.23945934520439
18.174122270979694,18.242748759640584
18.272953727206477,18.28413283028974
17.892209225553447,18.289866815060854
18.253314757373158,18.290146415038677
18.283960014769946,18.292173935991116
17.615183666002107,18.313339724519626
18.263963436269933,18.318754736611673
18.073087552357837,18.343276019809224
18.315848531240913,18.35133638501747
18.329593004241254,18.356668210218814
18.346009457315873,18.362009551766242
18.374035617278047,18.414256977677837
18.348743213693908,18.415279730306953
18.33609699955631,18.45146081258842
17.954256024049442,18.49379033784806
18.481854433058082,18.5155457057545
18.365759191014806,18.535125609223385
17.532260876182328,18.538168296900608
18.152165754464725,18.56970158124549
18.580190685928468,18.58047770976357
18.56153022414081,18.625455754019516
18.563150418894505,18.625589851166175
18.511469175050212,18.649410750279593
18.297023161424526,18.661848355887116
18.289601059602216,18.67329951227358
18.64391452975719,18.67374074407937
18.329291249592615,18.692777213465682
18.280679284805963,18.775007466835916
18.784696113077157,18.78515870738033
18.318012451760204,18.796285835396397
18.06174890545313,18.81659762924789
18.815296931625312,18.819889631202724
18.735372247862102,18.82511020116489
18.936579622221885,18.936926305165372
18.755786100724087,18.968175927308465
18.899245778668913,19.000117093273445
18.745297200191715,19.000436394512562
18.93703082736266,19.019272305445497
19.01589580945043,19.04074453780257
19.07611235837157,19.08435368421732
18.99935684167921,19.08958921567605
19.089476963003776,19.09099227914321
19.06493778641544,19.10019310305527
18.92860410992366,19.118960121079276
19.115490056872787,19.130764887819762
19.176894245391516,19.17705494393239
17.910321931714442,19.234622651471163
19.235545841838167,19.23590530203
19.300235136879177,19.30716080323952
19.30950100203178,19.309546585078845
19.300840993960595,19.31378495835674
19.37394161017969,19.376998287762603
17.701855567960312,19.378092796554498
19.36785715915437,19.378129402290092
18.92618152941718,19.39219655511623
19.030602085844357,19.416302744777767
18.875039363066193,19.43054723224814
19.366876752636095,19.500057792193005
19.505509814088757,19.51298919534677
18.56852658185779,19.52349309696941
19.44212758251902,19.57172570100585
19.55977741506632,19.578747950947438
19.598510809961827,19.598576110872912
18.606400963914353,19.60392190700712
19.500520587821747,19.61890721732118
19.542780045132005,19.6269611405515
19.511581014079887,19.700202128223026
19.217305467651602,19.708138198000306
19.711084246240418,19.711175245147388
19.526363418822605,19.73745885474728
19.72066713962049,19.73914365863106
19.534354866799745,19.756686412999702
19.775624078879734,19.780307368927083
19.2680419693708,19.79258698148452
19.017264793255034,19.795130132703633
18.52639827434035,19.808028581084997
19.632662412440098,19.812297089528116
19.771629526655637,19.818536590994828
19.202457899191977,19.82040865410392
19.76192429578044,19.853091186835627
19.80249372931251,19.85335239691561
19.52896209488709,19.868306405261105
19.834688071575194,19.881979557722907
18.61610825570677,19.895723844802696
19.82011120490087,19.914057163296178
19.74955356906237,19.930068834315882
19.434417207737795,19.931720784538953
19.41447909881019,19.941949404864047
19.89834595428515,19.958570086468356
19.52309881738281,19.969059379461104
19.986999096960638,20.003502750316237
19.84342854277413,20.011309737075305
19.912577751954878,20.05220358863739
20.042203006492777,20.07004705196311
19.86834262344356,20.08337791776085
20.03923709253211,20.08844452896836
20.08737213246104,20.09067499315175
20.0925907845593,20.09672998668361
20.06043880476243,20.097596699060343
20.0985850577005,20.116284962971413
19.692635043315573,20.12901368617174
20.079984132029885,20.183042088418418
20.14075379740855,20.184309500073205
20.163625013499882,20.21691655130278
20.16215487993893,20.21713794635629
19.668021200698394,20.2294481143893
19.896301429369462,20.232055249192406
20.212808856212977,20.237384193346408
20.207220384968288,20.25858382428342
20.18748010674222,20.271576431529365
20.030824440025434,20.28370450532048
19.360697680217193,20.314143221172575
20.12626523991709,20.321948745353716
20.330362371125254,20.333440780292847
20.31375361418148,20.347366062214654
20.228598504958725,20.35249280494855
19.879672289221404,20.353301048470513
20.336224766883213,20.38347193111438
20.391612381685068,20.39214217929956
20.212428373956577,20.421845082235535
20.114395250237894,20.424163151069326
19.997158311553257,20.455038890749886
19.3043290740397,20.476102883241463
20.508978004666425,20.511368157766967
20.12290807034753,20.518599446418563
20.101513830180416,20.523194736532627
20.468028995286634,20.529454954398467
19.90511801824731,20.544821979552758
20.54699207272564,20.547976066093412
20.467128247511155,20.578803360819357
20.46256509354862,20.59001226006357
19.951303920963834,20.677833783153584
20.652972086357476,20.678060548446453
20.313410979578208,20.687896611162614
20.619486144367652,20.68925101205594
20.684586045983373,20.693797463567762
20.720630378571073,20.740966578721775
20.66441240790907,20.744781631515377
19.704875633040274,20.749228541017814
20.66228585975793,20.760617709708885
20.59245574537618,20.785799005129533
20.50862810548776,20.787476492832
20.771789513069418,20.792247796838126
20.793357536616867,20.795576569045227
19.378326070785832,20.796394648343195
20.79212487720877,20.831475942113144
20.58906270738725,20.838364041564528
20.772578829931497,20.846105501276185
20.77233737295338,20.860801292765245
20.86326676365266,20.86657736366139
18.901072348149192,20.869954558773983
20.865198636732178,20.8740174400115
20.739647254326336,20.916919886087456
20.85757475882357,20.922000186851093
20.602341357994753,20.933947503256704
20.969276104605797,20.98239095036601
20.968088705607272,21.031720088047617
21.01010846716924,21.072295976025224
21.041354173307973,21.077675835438686
20.507258197521818,21.081014510724753
21.045939951194228,21.1404754850808
21.14693281610388,21.146996483061017
20.17639312072089,21.16372162353356
21.18888958814353,21.191781320112497
20.863848840407154,21.219937245433666
21.150119848760824,21.253955973116298
21.253441152855466,21.254003838400664
21.037352036160698,21.261900643168204
20.867637095823987,21.266095486283795
21.10846904170816,21.30370864713143
21.272532559899517,21.4522342531115
21.177204181732364,21.468594023574116
21.30169136384702,21.500920173103236
20.909414301623986,21.516858252798443
21.032230834661625,21.5231367861484
21.37760693979954,21.525878437532736
21.490115588032225,21.603334616399927
21.47678239108821,21.629417564478647
21.652850726585168,21.655087213684208
21.540022349872626,21.688716057998818
21.4442740236411,21.697660106516892
21.655885331395908,21.702162316094253
21.694559884230138,21.70317966554244
21.658597684377284,21.706062693906674
21.318127931680078,21.71122832357234
20.955574294700263,21.743702030346054
21.607575245593473,21.79940203909821
21.74341873476073,21.830243099707573
21.80371560132048,21.834281314444638
21.791091096331225,21.838499967762218
21.81938017166832,21.848730372314936
21.781748430953947,21.85177850539899
21.588184028862997,21.861820037992068
21.48436423710062,21.868766819381054
21.410383859487183,21.874063788987748
21.082147828177376,21.903623124304275
21.414598319121076,21.91897776709828
21.974414605316333,21.980303453879955
22.032716415876777,22.034979917082747
20.70545590600497,22.046538961813447
21.60740615159512,22.075580476181734
22.062218486650668,22.08623602546399
21.581257349253683,22.113545231129237
22.107315921295246,22.124899403240768
21.655727219192535,22.12621735979282
21.73880580412108,22.131016087896718
21.915887685637877,22.150918612607583
22.055101960630925,22.157577129729223
21.484242230335504,22.189247714670337
21.86615680352483,22.20170525078991
22.291207527672782,22.292732998503375
22.30230598914385,22.321240042213066
22.053314931850558,22.32780349650917
22.303012589070622,22.330256334555784
21.487165209632867,22.33892108406985
22.307985219147167,22.340809256646253
19.39914349657888,22.342528436227056
20.563991528415308,22.350385170582207
22.305563263868216,22.352840793473895
22.142882677625096,22.36678092652964
22.356339669192522,22.370253873671103
22.319607921701724,22.409916422443366
22.415329673381173,22.430151915214108
21.473549436802656,22.43387209763193
21.72458619610719,22.454854348323337
22.289748794436818,22.475140294339333
21.9841977841125,22.476133757120678
21.796908492544443,22.476458114805414
22.395737671432283,22.482255098927567
22.38341447991155,22.537028974578796
22.472668524093308,22.559209560633512
22.524565568433193,22.565675008587373
22.53826929612814,22.611344901527147
22.581965287625387,22.627198018563135
19.91202795346728,22.654214048472298
20.893934444644714,22.659702280877127
22.638059348188634,22.673595019103328
22.699114013147813,22.70335189862576
22.113159256464407,22.717846186103746
22.68743318296788,22.74317648275437
22.237657204739982,22.775416240937524
22.245158259433087,22.77716906436736
22.015766755456276,22.79593811843715
22.666338506112275,22.834105505851866
22.75748636106985,22.8546402041934
22.730562930105435,22.85763745591347
22.855186597729144,22.864059174178344
22.87231886613145,22.87307866955189
22.519242915283325,22.897424623095233
22.822080311345502,22.90805742872684
22.78564805209587,22.916094744349035
22.844471671632093,22.91643036967219
22.935619272492545,22.936096140419885
22.808289365991925,22.937979842883152
22.926496877711863,22.945222867943674
22.92637056002958,22.971300452283877
22.92275150140269,22.975616943553177
22.873654757542845,22.977972106009567
22.707357861895076,22.989743078120334
20.193544188467683,22.999554141033265
21.531830854882585,23.023363201313593
22.69649641823935,23.033006356720314
23.004825770383466,23.050070270557022
23.068207079115787,23.078392794102967
23.114735125596834,23.115974773666412
20.656756302667056,23.11601713950362
21.916020742942422,23.123929296422816
23.12589374735136,23.12761537363183
21.911859637309437,23.13010376750603
23.175377934647763,23.17579931959115
22.411264944157775,23.187203589089044
22.044225377737213,23.21473432357302
23.218094110928725,23.21894908270482
22.700773466530897,23.26438140662492
22.3390321230944,23.286133813552382
23.291882223363565,23.30742094081113
23.239112669206794,23.316291041220936
23.204364539585356,23.31889223228171
23.209072525381085,23.337596392985414
22.983108065070013,23.340043524085047
23.35658461836019,23.36215674420614
21.723153245417244,23.43071780192404
23.374875654500208,23.446581678315304
23.448370852612822,23.44893405368665
23.44094305335442,23.46021619204304
23.407338046420513,23.47679653408386
22.94554491039151,23.479924833849445
23.16042026320252,23.503238293436905
23.494989726232482,23.515999462380144
23.401597743081044,23.524079900032717
23.51375735667734,23.53235611233447
22.993884684678655,23.53425078102442
23.536359098036154,23.571506089743025
23.189872602894383,23.580013718216886
23.302706099486542,23.59023637954183
23.5717703443824,23.598666996984374
23.349094417329027,23.606331133198353
23.401626981423544,23.60821361198992
23.44389302370581,23.6150388112504
23.53878417802949,23.62448845397522
23.344948304695095,23.62470537678523
23.3349801703287,23.644335739566458
23.19004701629941,23.679858161228687
23.260332074751016,23.70186566029745
23.42687306641992,23.70726272200453
22.887934629949257,23.72760747682379
23.700498035042386,23.734207958562735
23.255833088413514,23.761361866235436
23.72311031137137,23.78479193248642
23.788516182798126,23.797949530503963
23.56275141856686,23.901032564585357
23.903658641356117,23.903767545659516
23.885704357966063,23.915007592797924
23.887701039794894,23.92647606919765
23.946675072561547,23.958030931745945
23.958994423794923,23.96098693912365
23.949849601480143,23.96098709195593
23.853315217844536,23.97913620543117
23.872255583413583,23.99243735510786
23.91112065897675,23.999080581846364
24.00441187619311,24.00542464738801
23.12400635384774,24.03681339262441
24.034399445597252,24.04982213261932
21.90072655962335,24.051742394181627
23.678913446426485,24.09001389425776
24.090797070629197,24.0918187659151
23.357900039450264,24.09393230872389
22.513836456130704,24.105713568231927
24.10198558100906,24.105873480896612
22.718530590247532,24.149843158242035
23.809495963281982,24.154995396096467
24.160594934049,24.16097109314456
24.089143171985427,24.172380942629363
23.76495518442598,24.208213148797586
22.486664261883796,24.218730994445934
24.094402613254818,24.238134650028826
24.208591232800607,24.245204060811794
24.262952557367043,24.274638823735508
24.283370707261682,24.294765942567544
24.175627062908415,24.300775160350213
23.234970633287595,24.32403966683374
24.331170595618776,24.33183303597587
24.36191389179887,24.378240405705466
22.75952905692692,24.411326076068853
23.232083968514402,24.420266901345137
24.387584349787424,24.424431358048853
24.50210707257319,24.50304555834277
24.493742228936203,24.506174997261034
24.335659998095082,24.523617209840936
23.5787486258139,24.534780547485433
24.25501941579499,24.57011202918537
24.496692548677363,24.59569444227765
24.60738069232654,24.609406310647113
24.6135495333389,24.61946437972676
24.62587950441487,24.640177114412793
24.083951720601938,24.644678831662777
24.55613607527267,24.657456155506104
24.651151202070686,24.673955046949608
24.674253377975763,24.675455823453994
24.60481915116334,24.684887172359172
24.37870757567358,24.687584223575463
22.148597172046188,24.718198447989405
24.343755183588755,24.722446349419783
24.02827674028585,24.72817635344904
24.697284308523415,24.728625873587426
24.738290208034176,24.764160965661937
24.717952905252098,24.7862140023883
24.63115211272526,24.789898756991683
24.45905730110188,24.807487374054148
23.756014558582827,24.821781075404182
24.8277704308024,24.828452967884598
24.78890921613094,24.842372382385342
24.8310284859815,24.843426600016663
24.70404042294856,24.868774186967265
24.8823582474226,24.895114067122332
24.789306685701934,24.895573068051263
24.467228673059232,24.904047502821776
24.784451909507247,24.934382942287318
24.38962932572626,24.944910569986778
24.544332943197123,24.95348168362824
24.624617337152728,24.966258227985502
24.969762660775842,24.969828243518116
25.0118186797542,25.011818732180693
24.993835091930293,25.01598748157894
24.98305727862389,25.057812622026894
23.925140081954495,25.064755242413987
25.045762939951256,25.068099805980516
24.01273597561196,25.09005892383695
23.69049517598618,25.10053253457447
25.063234384028295,25.10226629031198
24.75104228006034,25.161271948557292
25.09758126530416,25.168371530527942
24.77361821282812,25.173529779438503
19.688038024929185,25.18051278402301
24.84553193876142,25.18767426113108
24.86766130136731,25.19689347428939
25.213622941152533,25.213728671265116
25.167168765923236,25.22805680404099
25.03325928948096,25.236980531199436
24.441598717486848,25.250305770088357
25.26267795550565,25.26715874093289
25.184867967366152,25.35199439541799
24.721403149352255,25.36381262867493
25.1073484750274,25.378611341181294
24.98971580867444,25.381383574669563
25.10504124552657,25.384933104760822
25.388085418530608,25.396895861933523
25.23260481471018,25.3977999555867
25.309020045251543,25.431725872721834
24.290584457141392,25.450804789744467
25.42914579330244,25.452946873928003
25.365736869828126,25.459583124878748
25.39742334865305,25.470667779921346
25.04786590563083,25.474635358562495
25.498769637097055,25.49904231511659
25.519872597514325,25.521966409974837
25.509596103649116,25.529259079349067
22.868976627642134,25.59800504656484
25.142713943285482,25.61184880617776
20.561528985298118,25.612715590417352
24.83954368223867,25.6610438027225
25.55157969966732,25.663219937736308
25.4998520098209,25.663616790369236
25.557697166094975,25.695088455691355
22.68221094882734,25.701628793775555
25.69104518442143,25.707478570413436
25.695954717969865,25.71493282947098
24.32918426269743,25.750886731187183
25.570129216907006,25.759013285372895
25.7883345568677,25.79311809187883
25.463414350736194,25.81379622554389
25.01129634059594,25.823008833517104
25.82596051523538,25.82671668140643
25.694145207392168,25.836804291542975
25.862478653837115,25.863748339148906
25.861687541170845,25.864001880448676
25.80764550840115,25.866773785572676
25.845633779647677,25.873753713230087
25.862045965587534,25.876816880731788
25.87652935709118,25.88429238567898
25.891755983219298,25.89527487095114
25.24672991117949,25.897028402200394
25.873396991699956,25.902914239453885
25.882422563288518,25.908809424142277
25.858926590513526,25.913014618402684
24.419224119101372,25.924455076506895
25.95068041512976,25.952793335411627
25.490187281261036,25.964888666385598
25.89550601160103,25.970979397619697
25.68374146587665,25.971093285649403
22.212757998906365,25.98478150045048
25.969727563617894,26.01476326942722
25.963357914920135,26.02288270274945
25.89404987562552,26.02941534234086
25.425663554051496,26.039032000740278
25.77032958597134,26.05247938865672
25.117061351224955,26.066733675663695
22.3170634755406,26.08179712022963
26.057520680243545,26.092917501835494
26.01326738972503,26.095231403064567
24.091626648111664,26.102270111355693
26.102205362547053,26.103107603204563
26.061131693348592,26.110635446557744
26.09248374516761,26.153741929070158
21.23197928279484,26.157256658483796
26.17166373020148,26.171667122588598
24.252563690364948,26.17653844765588
24.989534128293037,26.191168111768704
26.13600925363768,26.236937694742576
26.216226243937705,26.2569175100325
26.204387656393116,26.257686789974304
25.82564599316113,26.290613982423302
25.29035292631043,26.30627091208674
26.286813262664797,26.307859260984316
25.71633275720769,26.33747388282754
26.138809016797005,26.34166355642851
26.279287605953158,26.343820263535434
26.17338398772049,26.370040555940243
26.079858950763615,26.38926230743109
26.272254022694447,26.395172788070333
26.18375820321319,26.404946894689804
26.404412953905087,26.40862600156857
25.222510087443005,26.41286933990576
23.940847914939745,26.45084630080094
26.441019112961484,26.453395817904532
26.22570682109371,26.46684064577964
25.928163039805835,26.477183176981068
25.978789379015502,26.543029959258945
26.50679633822739,26.552248510945212
26.5724049806078,26.577194838179576
25.246539391763534,26.59403380749974
26.593679763110707,26.603539787150005
26.568663402854344,26.606702393199747
25.851927427993694,26.609593045154924
26.51707523255567,26.62683469160645
26.627678469370924,26.63602527296166
26.013694791298903,26.66168875852376
26.630275917046617,26.662039947180908
24.076839249186747,26.66611147985957
26.63724575814895,26.693621782590156
26.454395490353644,26.69676857315725
26.354415824900293,26.709358885996174
26.70323012368812,26.70988366208286
26.73410079831311,26.73742295884486
25.61639682645457,26.75030643556591
25.90870976273661,26.756705289944982
21.98782718943418,26.75986709782508
25.08240832006113,26.770897218059865
23.617322566466367,26.78194986962913
26.767079889311496,26.787163017513187
26.750792793723896,26.793299921960468
26.780586748428775,26.806322566462363
26.807707760251297,26.80770858402117
26.73038914949086,26.823532288808934
26.717405582669784,26.83004551271425
26.866514949888057,26.88158332884843
26.15229189743405,26.89712676004428
26.91558766949492,26.9229416723959
26.902820929812943,26.925748019126384
26.934723218699837,26.9432491249988
26.757968460037915,26.950102357160922
26.22327542326766,26.964326963554296
26.38392132876044,26.970940897542757
26.991288093577175,26.992571793419785
26.99862756340631,27.00170039658329
26.996054999984135,27.006785946372347
24.780573002456897,27.01275764849172
25.341301520899457,27.019929770881
26.629971398157878,27.02514092753612
24.413140415442783,27.049302787906747
27.05060643672354,27.050678178869763
23.488459951867938,27.088815599123095
27.09071490690696,27.12558386933052
26.516324416968203,27.132432223726816
26.89030741920041,27.140568640412976
26.97100240283578,27.151412302289152
27.055345063632707,27.164092049593492
26.205513613677844,27.20143769035058
27.2033833725811,27.20817618762237
27.05735066893648,27.240370811543556
26.890767655950633,27.252664506971435
27.08338430209772,27.25333097971482
27.058715739415113,27.26305636574144
26.935740103042974,27.26832755262459
25.798746889405674,27.270512542541518
26.10443039212072,27.279965092255964
27.200819951725684,27.281304233677986
26.853088778147356,27.30872669628264
27.32303111582806,27.3352740315012
27.202564105544326,27.336910283647278
27.348858433329212,27.35030047900871
27.350304416642956,27.35032260738533
27.314836179366342,27.35257092998271
22.70062088619492,27.39414847640714
27.405360105051336,27.405361318074167
26.74481092425888,27.417852829712366
27.33920365499818,27.442569164851825
27.4317738743933,27.44731613679739
27.296769045349876,27.45911456060668
25.462271307109134,27.482034584640424
27.49039371702188,27.498731786008243
27.457204038448616,27.524507810102477
27.453800252401656,27.52601790188841
27.224434645191202,27.52829100302592
27.385971714622254,27.536648527235304
25.25012617913211,27.53942053978951
27.257713800920566,27.54555831573063
25.799005752138672,27.54712073015068
27.54653364435719,27.551793280325047
27.54378476601389,27.553795733745446
25.014285687065325,27.635290027663384
27.49331303152107,27.652420016821676
21.37785554469914,27.662821378017348
27.08249770645277,27.704529479694514
25.706450743328976,27.710190118267185
27.57084448379112,27.727776446739163
27.77103872766716,27.77152422990801
27.82674775167856,27.83219504855942
27.774945383772852,27.83634216396539
25.12147502205036,27.85970440488265
27.69709328078264,27.861022064511527
27.62021394161853,27.867423448070898
27.871733030312612,27.87241680366464
27.286570496010242,27.87346859861908
27.44321358885046,27.87410164183764
26.42794155054733,27.896652213484906
27.111679902111028,27.913152040388304
27.202367926985325,27.92648202863829
27.86676154641084,27.938231760580884
27.814566565895028,27.968280409837867
27.967622232197243,27.969922458738708
27.58469513933676,27.97395823609056
26.097465855251393,28.01060664037486
27.53869899070918,28.01764386406743
27.589429951702556,28.06476403350844
27.919581500667896,28.080889213069206
27.889530793694252,28.099802363907145
28.10329742815241,28.223223825765892
27.614376084766572,28.234669209648835
28.123513481270344,28.23989457358512
28.273448915528125,28.279946380476176
28.159298385714,28.291222757685716
26.62892249644943,28.321835137623978
26.11119059012469,28.32634585033862
24.82669851805407,28.329731611433075
28.320921163160534,28.3425534710425
25.051119219405393,28.356944471496988
28.289213727216985,28.37104289141973
28.075038882345744,28.388253638273472
28.269579487881604,28.454053664683663
28.417252853744728,28.478690715106993
27.7240454494286,28.498055725683813
25.246447542225727,28.510346180780296
28.459543728650086,28.524575486635463
28.393008473830434,28.553136764126755
28.57785726251816,28.581146854431765
28.39184736413877,28.59147689736104
27.221353973241477,28.592875049869843
28.5491719896768,28.605010612293647
28.618540298750993,28.65228403628458
28.6425049630298,28.652315550576482
28.659213327049898,28.659233175353407
28.69792238588216,28.700838230593554
27.832548550038005,28.82138665892103
28.431111504224518,28.82184618845836
28.048915188828126,28.83585033076794
28.52273499060483,28.846555300525132
28.134823746895822,28.860177034351523
28.657982700405412,28.883326348807746
28.564658150276706,28.915168271857716
28.904633103764475,28.939037276718523
28.923316024887097,28.94908079178131
23.870424938516052,28.95494488680518
29.066130095011758,29.06650155421826
29.061186803855534,29.103784735113578
24.85223732394704,29.123521207762437
25.27935276572302,29.141403631099426
29.1511684262698,29.172854099012277
24.332802449812046,29.180990182718993
29.140421741841685,29.22643555672672
28.125874229917628,29.248909019953825
29.258044430208404,29.26852199870146
29.002275855424628,29.27786975799793
29.270571059410294,29.278455059477636
29.292655518192525,29.292713844864764
23.177914604196808,29.310648304310718
29.305846722146203,29.328746601986147
28.81454199540901,29.370914946753047
29.215929071678865,29.385532380456496
28.981969229867993,29.423195253470816
29.417985438102605,29.427258002026782
28.77587201498299,29.442200181874725
29.142084232531232,29.4590797101884
29.463929043490957,29.464236090438135
29.43522318745574,29.466373534318564
26.906637064585865,29.47453996297715
29.50376486255817,29.511425097241872
29.321809827711846,29.54189938348015
26.904626338355946,29.611170464553645
28.75591606972811,29.61261566986326
29.373847030410296,29.621161684079183
29.637259959744778,29.662010922209976
27.461630830358054,29.667347724226143
29.494434014018985,29.67394871621819
29.488778148471212,29.693443551855676
29.274898023809627,29.703845896304145
29.556796397091357,29.7183441088717
29.788545262485346,29.815385315890566
27.23730081339808,29.823222737700682
29.886088622263422,29.89232298369973
23.678138517863403,29.91719897180107
29.60867397530796,29.957791418312645
28.689066474967525,30.004858535643415
30.117795546536335,30.128797513966816
29.71944684042504,30.131316475967907
30.130502834697943,30.139090704405817
29.510187198353282,30.140588456327908
30.15865812388445,30.172944110773983
25.302607118255175,30.184819946403323
28.495932146132837,30.22374615871582
29.846923101614365,30.232447673561616
29.831320083777232,30.24515381742433
30.24865907109765,30.263872756124854
30.110195513582333,30.267574474028752
30.339404403522522,30.34009867196748
30.336326941497603,30.344971114766935
30.30549987388557,30.393176980894147
30.396243420559955,30.40374647219981
30.372242811320525,30.418625858277508
29.768821779078692,30.53840883458807
30.296291446522282,30.584955331540222
30.58585270116735,30.593541997127396
30.659485849816328,30.66236551939561
30.135765101071215,30.784509960014486
30.592652089175644,30.883516841935077
29.352984727131602,30.94699574092856
30.122529619949432,30.9723322161078
30.971238561356206,30.974287561625786
29.992073313089897,31.00411826636103
29.454042309528887,31.028955834682158
30.317516286975362,31.043456707930936
30.866785408844805,31.059789811755536
30.713087378141672,31.066548013298856
30.042514199349327,31.073185677428054
31.074294178870332,31.074937399158586
24.736543598545364,31.210696023530424
31.18198791923535,31.212724042299335
30.46149886463688,31.215079262328903
27.285937994969956,31.2184476697617
31.129613768609087,31.231144194059578
31.017682703045537,31.289199526497626
31.337246858391147,31.33798881834376
27.016264831561205,31.37664691357026
29.89388467676428,31.432741944499977
31.28750209961081,31.51124114391115
30.831097768824275,31.51318400538117
26.847193542861408,31.559012070604766
30.27329190253367,31.574995033468525
30.755628279848274,31.591607979195352
30.5380138743526,31.594446814114306
31.368597972252903,31.604924626452892
31.642929535590504,31.642986940462734
31.103022126863117,31.681981360882673
31.694981260227834,31.72924636741997
31.49014488820948,31.775829608050376
31.90383245033237,31.903838051905616
31.53094010257324,31.92073885715002
27.39629961170534,31.949427751145514
30.639989354064618,31.97725868337411
25.10305702129687,32.01375488827039
31.813287652393008,32.01890636706101
31.681737619627626,32.06894055055403
28.420283483287456,32.073203479970594
31.544550671865515,32.1561374100307
32.23076974027277,32.23098274737149
32.14259595593734,32.23882688199775
32.30328899893301,32.3042513294657
32.31595440292237,32.317793076860994
26.73657963426686,32.342169843066856
32.304705734948044,32.38463076610168
32.25937317736815,32.45634877658476
32.58316765118248,32.58664501283569
32.574547863906595,32.634855037405224
31.476580554562062,32.64781401775523
27.3641820973531,32.65663377541196
32.11093493157075,32.66218424078374
24.05515157438622,32.700469022778584
32.74874353509567,32.76756357145075
32.766128726464444,32.78065964301592
32.81226926222584,32.81233312044767
32.824435946363955,32.836380950424335
31.20502540002613,32.84730348834064
32.77666694295712,32.856129224547935
32.56893447479038,32.86831043878361
32.76481856492242,32.93486562696242
32.86902332903286,32.94768693984175
32.351527389919575,33.01412015576152
33.01752468375585,33.02107751485208
33.056270989565014,33.059604824527
28.410430062417625,33.08596639615024
32.75679385557314,33.10996593642892
33.31992353372443,33.3603947447931
29.43370194471911,33.452281591765484
32.99525398941374,33.45376626289191
33.45442206215503,33.457797076011104
26.210268693481538,33.50661393388687
33.464041758297355,33.56911369314096
33.37512327759559,33.61602893171779
33.352179188705406,33.73019183941301
31.174219749106257,33.77429246956332
33.58961761214485,33.7837562617096
29.961103284562526,33.80068182728179
29.492761636024845,33.8807340933127
31.74436850407473,33.884286863858264
33.94276604532814,33.95845022631069
33.992801173765905,34.02908200191641
24.798875269092854,34.05063659689558
34.06635165944022,34.06990998827784
24.359759944085827,34.15938907029594
32.20816948405083,34.30665046247468
32.67117531347608,34.31448477939737
29.36620306674994,34.34762302104468
34.41683181696775,34.491134177354816
33.53677593964703,34.643396490863594
34.45448779329088,34.64867814132922
34.515128452484504,34.65691973413454
34.68223963355757,34.68247034099387
34.72990681496657,34.74567744552138
34.035287038040494,34.77320606584364
34.93932966963203,35.034137214290894
34.90077794690467,35.04004711493296
34.78572278106802,35.05344700107475
35.01991824931186,35.07812799144954
34.93174501653435,35.17237331954588
34.80974435462339,35.18204074042087
33.67271533623126,35.26914804364485
34.635062331473335,35.27092657404114
35.306245970002266,35.309376701431304
35.259443233328305,35.340008159842874
35.30220697076024,35.36785899126733
24.749100930964268,35.3757135148652
34.22977664367103,35.4053131363931
35.41437548296763,35.41904152085951
35.43689648667904,35.453731358705504
34.70949591543858,35.54390600018323
35.58968748645863,35.59007596273794
35.647312276848695,35.67018194331677
35.63853739667927,35.69316993055873
35.46580806699234,35.75819107437989
35.52177087128724,35.915674516480024
35.884944987880885,35.92394283978202
30.851961135516277,36.0539885813303
35.01367498934929,36.088105198243575
36.102223997793146,36.12134743329986
35.52868835621245,36.15147634529603
35.005340122422815,36.18417031652504
36.39582883847068,36.42816385541417
36.33726301665507,36.45913396523224
30.23512326316248,36.620954846500425
35.90020345345016,36.67391123933303
36.691621637491856,36.707677210146926
30.704121445194303,36.746527654552885
35.330232905371304,36.92367819131616
37.172914747678945,37.19874501776619
35.33643599121983,37.36062492187851
37.60915000508845,37.610576358805034
35.60719473176246,37.64680767745216
31.29171635444218,37.64838808013593
37.57817893028728,37.73281561373862
26.510923375506636,37.74063524166509
23.89357846421914,37.80191524834288
34.96997058097598,37.99121171590389
38.02080206712043,38.02080831407443
38.16574169185495,38.24174546470829
38.530275279786366,38.54315605993144
38.81303952280555,38.81641987730126
38.58735903239344,38.887974326849665
36.79960756043124,39.11220997039359
39.208812415240004,39.23032133707471
39.16076331272704,39.28589401654067
39.16564895688491,39.40135497271817
33.89005747603422,39.540894647324436
33.27705343848627,39.583689347088836
39.76467470712052,39.76642936536668
27.927417215259567,39.86562836345682
29.79657426083252,40.24046095805184
40.163940052875915,40.49149124812155
40.125825702638664,40.555010952846224
40.67535973322171,40.73102253005693
41.19308840961727,41.419198343926524
41.32141672033693,41.45621747847768
41.32105317831547,41.48007666751156
41.44617392631859,41.64324402559855
35.78165772624327,41.81405485514047
41.75328923849301,41.837781652357755
40.161163421225,42.7911591419159
42.84373446577082,42.887166317584374
42.91056691113457,42.9161273142237
42.9898793335381,43.044969913586655
43.00243655879834,43.09977848064648
41.536383328130526,43.30464989278893
43.36200136204658,43.37821647609047
43.255799112723764,43.38669791043688
26.29423072657476,43.445368278249845
43.78712815599364,43.933938391224395
41.91692194795537,44.486412965212565
44.5343781370933,44.53446907213964
27.073851374589402,46.44035085981867
46.446899800393936,46.71147966203053
41.201551565384236,47.07680686825101
46.90477804052455,47.08005184430383
33.67142707627932,47.15279553538954
47.47875901620363,47.558714929330634
47.77660202223723,48.19207859967352
48.097923470413306,48.314299342771335
48.35536763760872,48.36090464124631
48.244490316783995,48.43379276548486
47.82243871049105,49.018833116576594
49.218715574917,49.2507669107204
49.1859566143802,49.25632485704905
50.294580940608576,50.309858794542606
50.31752790829047,50.353498501107424
50.29310754538892,50.515065101485845
47.7811084372245,50.527485299757316
50.61903418536214,50.73698940840322
50.73180706282036,51.116555888976166
50.938675032407865,51.44302154336519
51.51049399417387,51.57859302934383
51.3889600282597,51.896265104225336
51.779587587801416,51.986662091576235
52.18689378582705,52.384755567679264
52.768227436313154,52.81389408195216
52.75243672236887,52.948174885252044
52.99428766887748,53.00004067032554
52.279868557634984,53.0555823910597
52.24720908574682,53.078003270849166
55.1768509327419,55.5560030916143
55.61877663883786,55.75578189073252
51.973137894434544,56.012783782505
55.73279665998209,56.4475334928246
53.40618503937609,56.55185086075416
56.15865407304873,56.72664141319135
59.055472589511645,59.055961982199705
57.54433219262139,59.322388439794246
60.454195327126826,60.792812588757656
61.55213165580244,61.77483128451812
62.226674679169065,62.40377043542947
60.20011872112023,63.69576982329112
64.2935464640289,64.30752906994519
64.92756345385438,65.01165507572824
68.27737114021741,68.28608595187134
60.21951041981296,69.53836041615887
46.41967449583912,70.10230405822645
70.60383463478277,71.09799656313675
71.15759331676693,71.28016882326006
71.15760286201436,71.28741951007122
71.1091353030223,71.55684964948523
66.21082014821187,71.78997234346033
74.43804089304932,74.66758151270002
89.60566810939773,89.65256956125941
91.36123089484907,91.40174447879738
92.64974129106561,92.65020036103765
92.62811388926345,93.57444911518614
94.19536418620902,94.19963733193808
94.73132706471678,94.92446708327643
92.37212721826461,95.37601305771838
101.44380769426866,101.44928904807827
101.72252489495841,101.74497147707132
107.87080918387463,107.98722243781067
110.01587564357342,110.35752083619747
112.37313319585529,112.73001348521544
113.05902107706528,113.34966934691568
109.70705940125,114.83775918204398
123.43169829864655,123.50312266391528
123.14305359724915,123.95441418543322
137.09147879111106,137.1042936076038
206.61350249858205,206.8945496831293
